evaluations raw_y
1 0.8183306056
2 0.9502090460
3 1.3220518244
16 1.3520822066
19 1.3927576602
24 1.4261266400
40 1.8129079043
59 1.8726591760
60 2.1132713440
1331 2.1459227468
2052 2.1834061135
2060 2.2341376229
2064 2.4154589372
2102 2.5484199796
2723 2.6910656620
3161 2.9940119760
4830 3.0156815440
5248 3.2594524120
10239 3.2765399738
10448 3.3025099075
10906 3.3829499323
10952 3.3921302578
11202 3.4293552812
11382 3.6496350365
11517 3.6603221083
100000 3.3112582781
evaluations raw_y
1 1.0752688172
2 1.0799136069
4 1.3192612137
16 1.3804527885
27 1.4409221902
53 1.4679976512
92 1.5365703749
162 1.5792798484
212 1.6903313049
784 1.7717930546
1051 1.7998560115
1593 1.8155410312
2046 2.3607176582
3311 2.6178010471
3743 2.7932960894
3797 2.8058361392
4224 2.9446407538
4976 3.0599755202
6734 3.1055900621
6835 3.1133250311
7067 3.4013605442
8013 3.4106412005
8655 3.4674063800
8787 3.6390101892
19916 3.7257824143
20777 3.7707390649
21083 3.8759689922
100000 2.6288117771
evaluations raw_y
1 1.2683916794
11 1.3082155939
17 1.3927576602
24 1.4836795252
46 1.5105740181
96 1.5852885225
113 1.6722408027
136 1.7692852088
978 2.0210185934
1643 2.0955574183
2011 2.1276595745
2152 2.4295432459
3021 2.5176233635
3180 2.5432349949
3273 2.6968716289
3324 2.8441410694
3397 3.1367628607
12415 3.1525851198
12669 3.1605562579
13616 3.3377837116
14437 3.7707390649
47842 3.8402457757
100000 3.8402457757
evaluations raw_y
1 1.1633317822
6 1.3262599469
15 1.3609145346
32 1.3713658804
37 1.4116318464
51 1.4749262537
90 1.7064846416
210 1.7111567420
269 1.7618040874
374 1.9098548510
1388 1.9638648861
1978 2.1949078139
2517 2.2789425706
3033 2.3474178404
3370 2.4679170780
3718 2.7502750275
3800 2.8248587571
4394 2.8702640643
4473 3.1133250311
4913 3.1525851198
4968 3.1766200762
5204 3.2258064516
5435 3.2851511170
5941 3.3647375505
6074 3.3921302578
6279 3.4674063800
6584 3.6284470247
6815 3.6603221083
6995 3.7369207773
91850 3.8051750381
92253 3.9123630673
92828 3.9619651347
100000 3.0303030303
evaluations raw_y
1 1.0101010101
8 1.2468827930
13 1.3095861708
16 1.4164305949
73 1.4594279043
85 1.5595757954
98 1.7844396859
343 1.8395879323
648 1.8982536067
762 2.0920502092
2116 2.1204410517
2226 2.1607605877
2535 2.2341376229
2796 2.2381378693
2890 2.2421524664
2901 2.2872827081
3025 2.7563395810
4004 2.8312570781
4256 2.8506271380
4398 2.9797377831
4445 3.4013605442
4745 3.4482758621
5069 3.5971223022
6783 3.7257824143
100000 3.7257824143
evaluations raw_y
1 1.0020040080
3 1.0544074230
4 1.3262599469
8 1.6767270288
207 1.7018379850
581 1.9305019305
1400 1.9485580670
1742 1.9516003123
2516 2.1240441801
3357 2.2381378693
3405 2.3299161230
3502 2.3923444976
3629 2.7027027027
4554 2.7563395810
4679 2.8058361392
4935 2.8248587571
4944 2.8571428571
5087 2.9171528588
5554 2.9446407538
5609 3.0012004802
5759 3.0978934325
5839 3.1605562579
5848 3.4770514604
6225 3.4965034965
7678 3.5161744023
7802 3.5561877667
100000 2.6737967914
evaluations raw_y
1 1.1483693156
4 1.2309207287
8 1.4164305949
33 1.4343086632
45 1.5033072760
75 1.8076644975
389 1.8504811251
1494 1.8670649739
1859 1.9455252918
2275 1.9888623707
2282 2.0210185934
2343 2.0990764064
2808 2.1097046414
2909 2.2624434389
3073 2.3342670401
3476 2.3923444976
3759 2.5329280648
3937 2.6511134677
4343 2.7808676307
5004 2.8248587571
5069 2.9103608847
5525 2.9308323564
5548 3.1847133758
6572 3.3467202142
7106 3.3738191633
7487 3.4106412005
7649 3.4578146611
7693 3.4674063800
7832 3.5868005739
8101 3.5971223022
8259 3.7037037037
8462 3.9494470774
13754 4.1597337770
14799 4.2881646655
100000 3.6284470247
evaluations raw_y
1 1.0133765707
2 1.0216591745
5 1.1037527594
7 1.2518778167
11 1.2543903663
13 1.4731879788
66 1.5812776724
167 1.6414970453
175 1.7088174983
381 1.7253278123
537 1.9546520719
1467 1.9607843137
1516 2.2143489814
2640 2.4582104228
3021 2.9103608847
3856 2.9308323564
3961 3.1055900621
4385 3.1289111389
4813 3.1446540881
5708 3.1605562579
5772 3.2010243278
16572 3.4293552812
17768 3.5161744023
18285 3.5663338088
35298 3.7147102526
35876 3.7936267071
36578 3.8759689922
100000 2.3430178069
evaluations raw_y
1 0.6615506748
2 0.8899964400
3 1.0670081093
4 1.3462574044
8 1.4943215780
50 1.5518311608
122 1.6035920462
142 1.7895490336
905 1.9334880124
1027 1.9455252918
1257 2.0080321285
1695 2.1459227468
2397 2.2956841139
2703 2.5432349949
3368 2.6567481403
3853 2.7808676307
4210 2.7870680045
4243 2.8121484814
4549 2.9655990510
5495 2.9726516052
5588 3.0303030303
5912 3.0376670717
6947 3.2341526520
8146 3.2938076416
8715 3.3377837116
8818 3.3921302578
9385 3.5663338088
22942 3.6284470247
23232 3.6390101892
23362 4.0000000000
23749 4.1736227045
100000 3.8284839204
evaluations raw_y
1 1.6286644951
37 1.6307893020
287 1.6436554898
406 1.8811136193
813 1.9275250578
1853 1.9888623707
2457 2.0610057708
2937 2.3741690408
4090 2.4201355276
4136 2.5641025641
4374 2.6624068158
4507 2.7563395810
4642 2.7995520717
4820 2.9377203290
5074 2.9797377831
5123 3.0376670717
5241 3.1210986267
5463 3.2938076416
5503 3.3557046980
5869 3.3738191633
6594 3.5161744023
7378 3.5460992908
8201 3.5765379113
9045 3.6496350365
20871 3.7593984962
21070 3.8051750381
22298 3.8880248834
45847 3.9123630673
46842 3.9494470774
98232 4.0650406504
100000 3.7369207773
