evaluations raw_y
1 2708.0000000000
4 2954.0000000000
5 3308.0000000000
122 3338.0000000000
170 3549.0000000000
450 3632.0000000000
619 3842.0000000000
742 4157.0000000000
1333 4188.0000000000
1710 4257.0000000000
1813 4259.0000000000
1892 4284.0000000000
1904 4300.0000000000
2034 4330.0000000000
2240 4356.0000000000
2245 4358.0000000000
2260 4360.0000000000
2405 4409.0000000000
2424 4445.0000000000
2506 4471.0000000000
2572 4505.0000000000
2581 4521.0000000000
2684 4579.0000000000
2768 4589.0000000000
2911 4641.0000000000
3021 4722.0000000000
3250 4745.0000000000
3309 4798.0000000000
3767 4814.0000000000
3924 4819.0000000000
3949 4870.0000000000
4196 4910.0000000000
4416 4919.0000000000
4506 4995.0000000000
4978 4997.0000000000
5043 5016.0000000000
5342 5028.0000000000
5680 5032.0000000000
6361 5040.0000000000
6477 5049.0000000000
7974 5050.0000000000
evaluations raw_y
1 2615.0000000000
2 2776.0000000000
5 2780.0000000000
17 2895.0000000000
32 3019.0000000000
40 3298.0000000000
56 3342.0000000000
157 3458.0000000000
381 3543.0000000000
533 3573.0000000000
647 3613.0000000000
725 3773.0000000000
1012 3835.0000000000
1067 3868.0000000000
1090 3940.0000000000
1507 4101.0000000000
1619 4168.0000000000
1684 4251.0000000000
2026 4290.0000000000
2115 4360.0000000000
2139 4409.0000000000
2718 4453.0000000000
2721 4478.0000000000
2795 4598.0000000000
2889 4600.0000000000
3022 4656.0000000000
3302 4717.0000000000
3426 4732.0000000000
3505 4744.0000000000
3665 4850.0000000000
4191 4853.0000000000
4208 4869.0000000000
4342 4895.0000000000
4424 4917.0000000000
4476 4928.0000000000
4489 4956.0000000000
5141 4958.0000000000
5172 4972.0000000000
5301 4976.0000000000
5431 4977.0000000000
5479 4982.0000000000
6114 4989.0000000000
6139 5000.0000000000
6644 5017.0000000000
6836 5019.0000000000
7482 5029.0000000000
7583 5031.0000000000
7588 5038.0000000000
7808 5041.0000000000
7860 5050.0000000000
evaluations raw_y
1 2534.0000000000
2 2647.0000000000
5 3025.0000000000
14 3162.0000000000
25 3210.0000000000
129 3305.0000000000
149 3494.0000000000
541 3606.0000000000
796 3784.0000000000
959 3807.0000000000
1089 3856.0000000000
1369 3871.0000000000
1373 3958.0000000000
1550 3986.0000000000
1646 4141.0000000000
1758 4282.0000000000
1899 4330.0000000000
2201 4395.0000000000
2318 4472.0000000000
2532 4521.0000000000
2698 4561.0000000000
2971 4566.0000000000
3149 4575.0000000000
3212 4645.0000000000
3290 4658.0000000000
3292 4695.0000000000
3477 4706.0000000000
3582 4708.0000000000
3596 4783.0000000000
3794 4786.0000000000
4067 4814.0000000000
4151 4817.0000000000
4185 4823.0000000000
4205 4857.0000000000
4282 4869.0000000000
4435 4896.0000000000
4747 4913.0000000000
4811 4918.0000000000
5042 4929.0000000000
5080 4938.0000000000
5181 4947.0000000000
5281 4952.0000000000
5433 4975.0000000000
5493 4995.0000000000
5836 5010.0000000000
6019 5018.0000000000
6118 5021.0000000000
6169 5026.0000000000
6293 5047.0000000000
7370 5048.0000000000
8030 5050.0000000000
evaluations raw_y
1 2804.0000000000
16 3107.0000000000
34 3186.0000000000
90 3336.0000000000
218 3380.0000000000
306 3467.0000000000
411 3524.0000000000
499 3649.0000000000
757 3748.0000000000
981 3854.0000000000
1045 3969.0000000000
1198 4059.0000000000
1361 4083.0000000000
1376 4214.0000000000
1682 4223.0000000000
1991 4253.0000000000
2099 4319.0000000000
2132 4404.0000000000
2339 4483.0000000000
2425 4522.0000000000
2737 4564.0000000000
2779 4579.0000000000
2890 4600.0000000000
3197 4601.0000000000
3202 4614.0000000000
3257 4665.0000000000
3277 4678.0000000000
3315 4735.0000000000
3360 4767.0000000000
3777 4796.0000000000
3801 4803.0000000000
3877 4810.0000000000
3881 4812.0000000000
3888 4853.0000000000
4181 4854.0000000000
4261 4856.0000000000
4355 4904.0000000000
4673 4911.0000000000
4680 4925.0000000000
5070 4927.0000000000
5161 4935.0000000000
5446 4942.0000000000
5506 4951.0000000000
5537 4957.0000000000
5640 4962.0000000000
5894 4964.0000000000
5945 4971.0000000000
5999 4974.0000000000
6163 4979.0000000000
6315 4988.0000000000
6388 4990.0000000000
6490 5019.0000000000
6703 5024.0000000000
6704 5032.0000000000
6874 5044.0000000000
7733 5050.0000000000
evaluations raw_y
1 3006.0000000000
59 3038.0000000000
68 3124.0000000000
104 3149.0000000000
115 3258.0000000000
167 3296.0000000000
343 3339.0000000000
344 3428.0000000000
372 3520.0000000000
479 3638.0000000000
522 3723.0000000000
765 3871.0000000000
868 3986.0000000000
1093 4140.0000000000
1526 4337.0000000000
1862 4349.0000000000
1897 4459.0000000000
1993 4460.0000000000
2035 4508.0000000000
2679 4553.0000000000
2752 4556.0000000000
2785 4681.0000000000
3203 4766.0000000000
3601 4836.0000000000
3829 4867.0000000000
4160 4884.0000000000
4318 4917.0000000000
4632 4924.0000000000
5067 4930.0000000000
5150 4937.0000000000
5276 4938.0000000000
5409 4969.0000000000
5483 4994.0000000000
5778 4997.0000000000
5989 5000.0000000000
6076 5009.0000000000
6442 5011.0000000000
6532 5015.0000000000
6588 5020.0000000000
6765 5026.0000000000
7881 5035.0000000000
7930 5042.0000000000
7964 5049.0000000000
9619 5050.0000000000
evaluations raw_y
1 2603.0000000000
2 3208.0000000000
19 3365.0000000000
44 3648.0000000000
211 3775.0000000000
496 3822.0000000000
685 3825.0000000000
697 4105.0000000000
1388 4158.0000000000
1417 4202.0000000000
1513 4310.0000000000
1580 4314.0000000000
1824 4367.0000000000
1985 4393.0000000000
2061 4436.0000000000
2334 4465.0000000000
2379 4512.0000000000
2486 4566.0000000000
2651 4571.0000000000
2722 4632.0000000000
3021 4650.0000000000
3166 4659.0000000000
3192 4694.0000000000
3200 4719.0000000000
3208 4768.0000000000
3724 4809.0000000000
3779 4812.0000000000
3906 4824.0000000000
4167 4847.0000000000
4231 4848.0000000000
4306 4854.0000000000
4372 4885.0000000000
4507 4904.0000000000
4878 4923.0000000000
5134 4927.0000000000
5208 4972.0000000000
5346 4990.0000000000
5383 5015.0000000000
5837 5016.0000000000
5953 5021.0000000000
6256 5029.0000000000
6337 5030.0000000000
6747 5038.0000000000
7049 5042.0000000000
7125 5050.0000000000
evaluations raw_y
1 2790.0000000000
13 2843.0000000000
25 3305.0000000000
200 3306.0000000000
209 3332.0000000000
244 3374.0000000000
303 3499.0000000000
614 3534.0000000000
633 3557.0000000000
680 3592.0000000000
694 3694.0000000000
755 3790.0000000000
1060 3862.0000000000
1332 3921.0000000000
1424 3946.0000000000
1463 3950.0000000000
1481 3969.0000000000
1573 4129.0000000000
1726 4160.0000000000
1803 4239.0000000000
1827 4247.0000000000
1869 4318.0000000000
2439 4381.0000000000
2582 4485.0000000000
2590 4505.0000000000
2859 4630.0000000000
3335 4660.0000000000
3354 4661.0000000000
3631 4667.0000000000
3645 4726.0000000000
3803 4768.0000000000
4163 4774.0000000000
4374 4780.0000000000
4569 4790.0000000000
4575 4816.0000000000
4705 4831.0000000000
4761 4842.0000000000
5136 4856.0000000000
5224 4872.0000000000
5270 4882.0000000000
5324 4894.0000000000
5614 4906.0000000000
5866 4907.0000000000
5941 4940.0000000000
6384 4956.0000000000
6448 4961.0000000000
6600 4965.0000000000
6629 4974.0000000000
6630 4975.0000000000
6807 4980.0000000000
6997 4988.0000000000
7086 4989.0000000000
7124 4991.0000000000
7214 4996.0000000000
7307 4999.0000000000
7344 5005.0000000000
8199 5010.0000000000
8280 5019.0000000000
8527 5020.0000000000
8678 5026.0000000000
9528 5029.0000000000
9607 5040.0000000000
9764 5041.0000000000
10217 5043.0000000000
10225 5050.0000000000
evaluations raw_y
1 2593.0000000000
3 2814.0000000000
5 3287.0000000000
57 3338.0000000000
276 3449.0000000000
347 3670.0000000000
511 3917.0000000000
1086 4051.0000000000
1102 4077.0000000000
1428 4376.0000000000
1634 4398.0000000000
1974 4506.0000000000
2306 4507.0000000000
2476 4599.0000000000
2508 4659.0000000000
2656 4672.0000000000
3075 4687.0000000000
3145 4703.0000000000
3152 4768.0000000000
3433 4783.0000000000
3570 4826.0000000000
3670 4864.0000000000
4102 4873.0000000000
4405 4880.0000000000
4491 4891.0000000000
4764 4932.0000000000
5192 4958.0000000000
5388 5005.0000000000
5622 5017.0000000000
5798 5021.0000000000
6786 5023.0000000000
6901 5028.0000000000
6955 5048.0000000000
7269 5050.0000000000
evaluations raw_y
1 2511.0000000000
2 3119.0000000000
21 3199.0000000000
30 3240.0000000000
33 3305.0000000000
37 3382.0000000000
137 3452.0000000000
194 3629.0000000000
390 3763.0000000000
678 3774.0000000000
839 3827.0000000000
845 3916.0000000000
895 3997.0000000000
1086 4100.0000000000
1440 4127.0000000000
1508 4142.0000000000
1577 4205.0000000000
1599 4310.0000000000
1985 4324.0000000000
2203 4470.0000000000
2345 4555.0000000000
2672 4614.0000000000
2914 4692.0000000000
3195 4735.0000000000
3319 4855.0000000000
3779 4861.0000000000
3858 4872.0000000000
4057 4896.0000000000
4193 4910.0000000000
4483 4940.0000000000
4884 4941.0000000000
4927 4950.0000000000
5078 4967.0000000000
5190 4969.0000000000
5306 4984.0000000000
5417 4987.0000000000
5496 5012.0000000000
5550 5019.0000000000
5837 5021.0000000000
5882 5026.0000000000
6015 5030.0000000000
6099 5038.0000000000
6285 5042.0000000000
7518 5050.0000000000
evaluations raw_y
1 2892.0000000000
12 2900.0000000000
13 2953.0000000000
36 3056.0000000000
58 3147.0000000000
66 3148.0000000000
82 3171.0000000000
84 3194.0000000000
119 3284.0000000000
151 3326.0000000000
182 3584.0000000000
650 3647.0000000000
807 3953.0000000000
993 3962.0000000000
1186 3982.0000000000
1238 3984.0000000000
1297 4056.0000000000
1356 4084.0000000000
1481 4089.0000000000
1511 4105.0000000000
1565 4316.0000000000
1839 4326.0000000000
2062 4354.0000000000
2194 4438.0000000000
2425 4504.0000000000
2534 4527.0000000000
2711 4554.0000000000
2758 4566.0000000000
2891 4596.0000000000
2896 4755.0000000000
3008 4779.0000000000
3740 4842.0000000000
3789 4851.0000000000
3815 4885.0000000000
4293 4892.0000000000
4299 4927.0000000000
4820 4952.0000000000
4881 4967.0000000000
5064 4989.0000000000
5208 4996.0000000000
5304 4997.0000000000
5396 4999.0000000000
5581 5010.0000000000
5894 5016.0000000000
6074 5021.0000000000
6409 5027.0000000000
6579 5030.0000000000
6908 5031.0000000000
7348 5032.0000000000
7401 5036.0000000000
7409 5037.0000000000
7425 5038.0000000000
7509 5042.0000000000
8503 5049.0000000000
8610 5050.0000000000
