evaluations raw_y
1 1.2607160867
2 1.3774104683
5 1.5253203173
86 1.5832805573
107 1.6223231668
197 1.6926201760
217 1.7494751575
269 1.8129079043
312 1.8155410312
326 1.8422991894
332 1.9069412662
353 1.9215987702
369 1.9920318725
395 2.0242914980
408 2.4154589372
499 2.4975024975
549 2.7382256298
562 2.7502750275
567 2.8506271380
605 3.0599755202
705 3.1847133758
728 3.2010243278
792 3.3112582781
1006 3.3829499323
1219 3.6710719530
1351 3.7481259370
1546 3.8051750381
1820 3.8880248834
1863 3.9370078740
2116 4.2735042735
100000 3.4578146611
evaluations raw_y
1 1.0660980810
6 1.1116051578
10 1.2165450122
11 1.5537600994
40 1.8642803878
230 2.0374898126
304 2.0990764064
314 2.1795989538
400 2.3386342376
428 2.3562676720
498 2.3969319271
526 2.5432349949
570 2.5906735751
584 2.6014568158
609 2.6178010471
729 2.6511134677
740 2.7144408252
762 2.7870680045
854 2.8441410694
884 2.8901734104
1019 3.0826140567
10010 3.1289111389
10180 3.1685678074
10205 3.2851511170
17578 3.6075036075
18258 3.7707390649
100000 3.7707390649
evaluations raw_y
1 0.9807767752
3 1.0688328345
4 1.3850415512
9 1.5733165513
138 1.6995241332
180 1.7946877243
183 1.9857029388
329 1.9952114924
358 2.1061499579
447 2.2461814915
512 2.3084025854
533 2.4342745862
579 2.4485798237
591 2.5176233635
612 2.5746652935
672 2.6123301985
750 2.6624068158
757 2.7322404372
825 2.7685492802
898 2.7870680045
912 2.8835063437
984 2.9446407538
1156 3.0525030525
1584 3.1210986267
1631 3.1928480204
1709 3.2851511170
1830 3.4965034965
1919 3.6927621861
1947 3.7257824143
2009 3.7821482602
2095 3.8167938931
2165 3.9001560062
100000 3.9001560062
evaluations raw_y
1 1.5160703457
12 1.6265452180
59 1.8050541516
217 2.2341376229
313 2.2747952684
372 2.2872827081
373 2.4826216485
402 2.6068821689
455 2.7746947836
476 2.8571428571
751 2.8901734104
774 3.0303030303
802 3.1055900621
873 3.1446540881
1375 3.1685678074
1450 3.2594524120
1646 3.2679738562
1667 3.4106412005
3611 3.4867503487
3923 3.9619651347
3994 4.0783034258
24087 4.1050903120
100000 4.1050903120
evaluations raw_y
1 1.3927576602
8 1.4425851125
21 1.4836795252
69 1.5913430936
71 1.5994881638
90 1.6393442623
118 1.8422991894
211 1.9516003123
347 1.9984012790
360 2.0374898126
408 2.0955574183
414 2.1240441801
485 2.2026431718
517 2.3041474654
554 2.3474178404
594 2.4154589372
665 2.5693730730
730 2.6455026455
749 2.8835063437
844 3.0012004802
937 3.0084235860
992 3.0450669915
998 3.2258064516
1018 3.4578146611
1414 3.7369207773
100000 2.9377203290
evaluations raw_y
1 0.9678668215
2 1.0789814415
3 1.2094823416
6 1.4180374362
18 1.6436554898
114 1.7519271198
145 1.9516003123
246 2.1312872975
359 2.1607605877
425 2.2421524664
448 2.2999080037
457 2.3923444976
583 2.4533856722
660 2.5693730730
661 2.5799793602
731 2.8835063437
769 2.9585798817
814 3.0674846626
825 3.2938076416
1209 3.3200531208
1352 3.8051750381
1494 3.8167938931
1565 4.0650406504
1612 4.2735042735
21698 4.5207956600
100000 2.5329280648
evaluations raw_y
1 0.8114248621
2 1.3550135501
4 1.3958682300
9 1.7818959373
179 1.8839487566
302 2.0542317173
356 2.0990764064
385 2.1758050479
400 2.2104332449
470 2.2502250225
477 2.2583559169
481 2.3299161230
591 2.4108003857
602 2.4154589372
762 2.4975024975
842 2.5746652935
917 2.6795284030
1074 2.7085590466
1077 2.7322404372
1192 2.8121484814
1245 2.8441410694
1370 3.0156815440
1521 3.0376670717
1694 3.1210986267
1695 3.2938076416
2040 3.3921302578
2184 3.6818851252
2231 3.7821482602
2233 4.0783034258
2389 4.0916530278
2464 4.1050903120
13571 4.3029259897
29273 4.4883303411
29429 4.5372050817
100000 3.2765399738
evaluations raw_y
1 1.1256190905
6 1.2212994626
7 1.3850415512
23 1.5479876161
89 1.7088174983
231 1.8839487566
262 1.9245573518
279 1.9952114924
345 2.2301516503
384 2.2956841139
389 2.2999080037
439 2.3877745941
519 2.6511134677
609 2.7502750275
671 2.7870680045
686 2.9036004646
724 3.0012004802
837 3.0376670717
1129 3.0902348578
1229 3.1055900621
1635 3.1289111389
1903 3.2175032175
2083 3.2425421530
2112 3.3112582781
2200 3.3200531208
2596 3.3467202142
2746 3.3738191633
2849 3.3829499323
3194 3.5260930889
3523 3.5460992908
3564 3.6603221083
3973 3.7369207773
4288 3.8284839204
52997 3.9001560062
53267 3.9872408293
53386 4.1322314050
54189 4.1736227045
59854 4.2589437819
100000 4.2589437819
evaluations raw_y
1 0.9015506671
4 0.9648784253
5 1.1504832029
6 1.2048192771
8 1.5015015015
45 1.5234613041
55 1.6677785190
114 1.7349063151
196 1.8368846436
231 1.9516003123
350 2.0210185934
379 2.0408163265
386 2.2222222222
440 2.3084025854
501 2.3832221163
515 2.5025025025
558 2.5799793602
604 2.6624068158
625 2.7322404372
658 3.0012004802
809 3.1133250311
1014 3.1367628607
1087 3.2175032175
1088 3.6927621861
24071 3.7147102526
28685 3.7593984962
28739 3.8167938931
33541 3.9619651347
33814 4.0518638574
36533 4.1050903120
36623 4.2301184433
100000 2.6014568158
evaluations raw_y
1 1.2518778167
6 1.2569130216
9 1.3000520021
21 1.3192612137
30 1.6350555919
92 1.7768301350
236 1.8615040953
242 1.8925056775
252 1.9334880124
336 1.9455252918
344 2.1240441801
386 2.1496130696
406 2.2182786158
419 2.3299161230
456 2.5125628141
497 2.5536261491
612 2.7144408252
791 2.7808676307
834 2.8506271380
894 2.9239766082
967 2.9797377831
1035 3.0750307503
1287 3.2938076416
1299 3.4387895461
1344 3.5360678925
1422 3.6075036075
1449 4.1876046901
1834 4.5372050817
100000 2.3342670401
