evaluations raw_y
1 1.0000000000
5 3.0000000000
18 5.0000000000
93 6.0000000000
108 10.0000000000
174 11.0000000000
653 12.0000000000
984 15.0000000000
1140 16.0000000000
1213 17.0000000000
1636 21.0000000000
1759 26.0000000000
2489 30.0000000000
2729 31.0000000000
3262 32.0000000000
3916 35.0000000000
4049 36.0000000000
4262 39.0000000000
4545 40.0000000000
4709 43.0000000000
5087 44.0000000000
5274 45.0000000000
5573 50.0000000000
7554 52.0000000000
7761 53.0000000000
7856 54.0000000000
8089 55.0000000000
8176 56.0000000000
8696 57.0000000000
8776 61.0000000000
9439 64.0000000000
9523 67.0000000000
9835 68.0000000000
10052 73.0000000000
11142 75.0000000000
11881 76.0000000000
12022 81.0000000000
12083 82.0000000000
13576 85.0000000000
13775 87.0000000000
13819 88.0000000000
14115 91.0000000000
15128 92.0000000000
15294 95.0000000000
15328 96.0000000000
15765 97.0000000000
15806 99.0000000000
16230 100.0000000000
evaluations raw_y
1 1.0000000000
3 2.0000000000
12 3.0000000000
21 4.0000000000
24 5.0000000000
59 7.0000000000
120 12.0000000000
640 13.0000000000
855 15.0000000000
1185 16.0000000000
1515 24.0000000000
1708 28.0000000000
3055 34.0000000000
4131 36.0000000000
4334 37.0000000000
4336 38.0000000000
5348 40.0000000000
6163 41.0000000000
6214 42.0000000000
6304 45.0000000000
7008 47.0000000000
7231 49.0000000000
7593 53.0000000000
7903 56.0000000000
8074 57.0000000000
8327 59.0000000000
9268 60.0000000000
9327 62.0000000000
10426 67.0000000000
10541 69.0000000000
11472 70.0000000000
11858 73.0000000000
12778 74.0000000000
12895 75.0000000000
12989 76.0000000000
13890 79.0000000000
14157 80.0000000000
15371 82.0000000000
15778 83.0000000000
16105 84.0000000000
16585 85.0000000000
17689 86.0000000000
17790 88.0000000000
18894 92.0000000000
19058 94.0000000000
22873 97.0000000000
23142 98.0000000000
24616 100.0000000000
evaluations raw_y
1 0.0000000000
4 2.0000000000
5 4.0000000000
37 7.0000000000
206 9.0000000000
277 10.0000000000
498 11.0000000000
643 12.0000000000
754 13.0000000000
1028 14.0000000000
1216 15.0000000000
1266 16.0000000000
1278 17.0000000000
1608 18.0000000000
1703 19.0000000000
1930 22.0000000000
2430 23.0000000000
2963 24.0000000000
3236 25.0000000000
3360 28.0000000000
3452 31.0000000000
3836 32.0000000000
4431 34.0000000000
4591 37.0000000000
4679 38.0000000000
4771 39.0000000000
5870 40.0000000000
6200 41.0000000000
6522 42.0000000000
6571 43.0000000000
6810 44.0000000000
6860 45.0000000000
7089 46.0000000000
8339 47.0000000000
8822 48.0000000000
9271 52.0000000000
9404 55.0000000000
9737 59.0000000000
10791 63.0000000000
11097 68.0000000000
12165 70.0000000000
12285 72.0000000000
12383 73.0000000000
12787 74.0000000000
13006 76.0000000000
13789 78.0000000000
15613 82.0000000000
15722 83.0000000000
15851 84.0000000000
16507 85.0000000000
16799 94.0000000000
17751 95.0000000000
18768 96.0000000000
19341 99.0000000000
21484 100.0000000000
evaluations raw_y
1 0.0000000000
2 2.0000000000
7 4.0000000000
22 5.0000000000
28 9.0000000000
236 10.0000000000
661 11.0000000000
744 12.0000000000
940 13.0000000000
1062 19.0000000000
1584 21.0000000000
1932 26.0000000000
2656 28.0000000000
2817 29.0000000000
3055 30.0000000000
3328 31.0000000000
3370 33.0000000000
3617 34.0000000000
3661 35.0000000000
3903 42.0000000000
4635 44.0000000000
6090 45.0000000000
6269 46.0000000000
7314 48.0000000000
7459 50.0000000000
7865 52.0000000000
8437 53.0000000000
8675 58.0000000000
9682 60.0000000000
10226 61.0000000000
11197 62.0000000000
11495 64.0000000000
11998 65.0000000000
12326 67.0000000000
13255 68.0000000000
13542 73.0000000000
13665 74.0000000000
16048 75.0000000000
17327 78.0000000000
18048 79.0000000000
19369 83.0000000000
20346 86.0000000000
21900 87.0000000000
22069 88.0000000000
22245 90.0000000000
22471 91.0000000000
23859 93.0000000000
24848 94.0000000000
25139 96.0000000000
25432 99.0000000000
25869 100.0000000000
evaluations raw_y
1 3.0000000000
5 4.0000000000
53 5.0000000000
95 6.0000000000
124 7.0000000000
269 9.0000000000
470 10.0000000000
569 11.0000000000
947 12.0000000000
1233 15.0000000000
1237 19.0000000000
2090 22.0000000000
2523 27.0000000000
2966 30.0000000000
3006 31.0000000000
3518 37.0000000000
4444 38.0000000000
5020 41.0000000000
5124 42.0000000000
5399 43.0000000000
6227 44.0000000000
7264 46.0000000000
7305 50.0000000000
8399 51.0000000000
9392 52.0000000000
9675 53.0000000000
10004 54.0000000000
10101 55.0000000000
11687 58.0000000000
12524 63.0000000000
12593 64.0000000000
14764 65.0000000000
15156 67.0000000000
15624 68.0000000000
16383 69.0000000000
16927 70.0000000000
17415 71.0000000000
18254 72.0000000000
18502 73.0000000000
18727 75.0000000000
18794 77.0000000000
20453 78.0000000000
20815 79.0000000000
21127 80.0000000000
21274 81.0000000000
21473 84.0000000000
22000 87.0000000000
23330 89.0000000000
23585 91.0000000000
23809 92.0000000000
25770 93.0000000000
26001 95.0000000000
26253 96.0000000000
26957 97.0000000000
27152 98.0000000000
27243 99.0000000000
27665 100.0000000000
evaluations raw_y
1 0.0000000000
6 1.0000000000
13 2.0000000000
24 6.0000000000
167 10.0000000000
372 12.0000000000
825 13.0000000000
1193 14.0000000000
1376 15.0000000000
1752 16.0000000000
2081 17.0000000000
2256 18.0000000000
2397 22.0000000000
2905 23.0000000000
2949 24.0000000000
3076 27.0000000000
4154 28.0000000000
4502 29.0000000000
5020 30.0000000000
5081 32.0000000000
5347 33.0000000000
6262 34.0000000000
6483 36.0000000000
7581 38.0000000000
8685 39.0000000000
8740 40.0000000000
8783 43.0000000000
9521 46.0000000000
9647 48.0000000000
9958 50.0000000000
10800 54.0000000000
10899 55.0000000000
12062 56.0000000000
12492 59.0000000000
12721 60.0000000000
13412 62.0000000000
13473 63.0000000000
14001 64.0000000000
14109 67.0000000000
14448 69.0000000000
14589 71.0000000000
15054 74.0000000000
15611 75.0000000000
15665 78.0000000000
16642 80.0000000000
17548 81.0000000000
17921 85.0000000000
18552 88.0000000000
18992 91.0000000000
20061 95.0000000000
20106 96.0000000000
20265 98.0000000000
20654 99.0000000000
21073 100.0000000000
evaluations raw_y
1 0.0000000000
3 1.0000000000
4 2.0000000000
24 5.0000000000
72 8.0000000000
119 9.0000000000
274 10.0000000000
430 11.0000000000
579 14.0000000000
980 15.0000000000
1034 17.0000000000
1323 18.0000000000
1511 20.0000000000
1777 24.0000000000
1972 25.0000000000
2509 26.0000000000
2796 29.0000000000
3054 31.0000000000
3293 38.0000000000
3669 42.0000000000
3972 43.0000000000
4393 45.0000000000
4525 47.0000000000
4565 50.0000000000
6711 53.0000000000
6750 54.0000000000
6986 56.0000000000
7237 57.0000000000
7527 59.0000000000
7677 60.0000000000
7742 62.0000000000
8057 63.0000000000
8126 66.0000000000
9539 68.0000000000
9685 69.0000000000
10047 70.0000000000
10219 72.0000000000
10401 73.0000000000
11413 78.0000000000
13861 79.0000000000
13878 81.0000000000
14222 82.0000000000
14240 83.0000000000
17410 86.0000000000
17961 87.0000000000
19575 88.0000000000
19978 91.0000000000
20760 92.0000000000
21112 93.0000000000
21349 99.0000000000
21566 100.0000000000
evaluations raw_y
1 2.0000000000
15 3.0000000000
37 4.0000000000
41 6.0000000000
207 7.0000000000
378 8.0000000000
529 10.0000000000
788 11.0000000000
793 12.0000000000
1017 13.0000000000
1108 14.0000000000
1218 18.0000000000
1479 19.0000000000
1986 21.0000000000
2811 23.0000000000
3277 24.0000000000
3302 26.0000000000
3366 30.0000000000
4002 34.0000000000
4152 35.0000000000
4668 36.0000000000
4733 37.0000000000
5042 38.0000000000
5195 39.0000000000
6050 40.0000000000
6146 42.0000000000
7327 44.0000000000
7829 46.0000000000
9298 47.0000000000
9727 48.0000000000
10142 49.0000000000
10218 50.0000000000
10892 52.0000000000
11752 53.0000000000
12093 54.0000000000
12317 56.0000000000
12583 57.0000000000
12827 60.0000000000
13991 61.0000000000
14577 76.0000000000
15691 77.0000000000
16871 79.0000000000
17170 82.0000000000
18849 83.0000000000
19870 86.0000000000
20043 89.0000000000
22229 90.0000000000
22366 97.0000000000
22655 98.0000000000
23821 100.0000000000
evaluations raw_y
1 0.0000000000
3 1.0000000000
5 10.0000000000
407 11.0000000000
807 19.0000000000
1537 21.0000000000
1773 23.0000000000
2435 24.0000000000
2666 26.0000000000
2757 30.0000000000
2815 35.0000000000
3139 40.0000000000
3647 41.0000000000
4630 44.0000000000
4979 46.0000000000
5744 47.0000000000
6450 48.0000000000
7441 51.0000000000
7838 52.0000000000
8197 55.0000000000
9612 59.0000000000
9702 60.0000000000
10455 62.0000000000
10610 66.0000000000
10764 67.0000000000
10776 72.0000000000
11264 73.0000000000
11845 74.0000000000
12166 75.0000000000
12616 77.0000000000
13102 78.0000000000
13327 80.0000000000
13372 81.0000000000
13670 83.0000000000
13847 84.0000000000
14227 85.0000000000
14877 86.0000000000
15235 87.0000000000
15316 88.0000000000
16437 94.0000000000
16805 95.0000000000
18183 96.0000000000
18332 100.0000000000
evaluations raw_y
1 0.0000000000
3 1.0000000000
30 3.0000000000
32 4.0000000000
54 7.0000000000
207 23.0000000000
1035 32.0000000000
2033 34.0000000000
2460 35.0000000000
2476 38.0000000000
2991 41.0000000000
3703 42.0000000000
4274 44.0000000000
6146 46.0000000000
6299 48.0000000000
6600 49.0000000000
6631 55.0000000000
7405 56.0000000000
9209 57.0000000000
9421 60.0000000000
9939 63.0000000000
10751 64.0000000000
10992 70.0000000000
13595 72.0000000000
13743 74.0000000000
13844 75.0000000000
14977 76.0000000000
15011 78.0000000000
15590 79.0000000000
16366 80.0000000000
17248 82.0000000000
17368 85.0000000000
18174 87.0000000000
18494 90.0000000000
18561 93.0000000000
21075 95.0000000000
21443 96.0000000000
21671 100.0000000000
