evaluations raw_y
1 -0.5108011459
2 -0.5074670294
3 -0.4759847472
7 -0.4647176954
12 -0.4637186016
96 -0.4580980493
115 -0.4499161995
261 -0.4417357901
430 -0.4284244425
682 -0.4239305209
698 -0.4226918243
896 -0.4143365872
1161 -0.4082254257
1391 -0.3963347907
1540 -0.3955826520
1762 -0.3880796889
1883 -0.3839747837
2231 -0.3737304125
2323 -0.3614705150
2446 -0.3548253396
2840 -0.3547792295
3088 -0.3546917071
3277 -0.3540891708
3329 -0.3505990765
3351 -0.3488017546
3430 -0.3473689689
3433 -0.3417752615
3475 -0.3405914969
3686 -0.3405695809
3737 -0.3400458647
3760 -0.3341277717
4090 -0.3305451620
4410 -0.3265059570
4635 -0.3220259626
4999 -0.3213096513
5257 -0.3187150939
5440 -0.3165676607
5445 -0.3163659374
5525 -0.3159747593
5705 -0.3152821962
5808 -0.3146319225
5859 -0.3139791866
6208 -0.3135699875
6274 -0.3130209949
6290 -0.3128739366
6466 -0.3125421184
6500 -0.3117827876
6645 -0.3112096573
6802 -0.3105219916
7060 -0.3105136065
7093 -0.3097809742
7181 -0.3097725891
7312 -0.3085404406
7687 -0.3082270659
7899 -0.3069144329
8056 -0.3043265478
8224 -0.3038270316
8233 -0.3020849738
8813 -0.3014683916
9800 -0.3009882716
11136 -0.3009312088
12996 -0.2997219094
13218 -0.2996648466
13257 -0.2986564096
13259 -0.2979440995
13319 -0.2974639795
13351 -0.2974069167
100000 -0.3098869966
evaluations raw_y
1 -0.5029998070
3 -0.4662923759
16 -0.4630274505
33 -0.4419414596
334 -0.4406723490
379 -0.4356511264
429 -0.4306972916
465 -0.4260719032
565 -0.4185552257
631 -0.4185115754
874 -0.4157520897
970 -0.4057880511
1198 -0.4004296620
1530 -0.3851895505
1602 -0.3835379918
1726 -0.3745510253
2179 -0.3726775373
2246 -0.3548999239
2617 -0.3471854982
2710 -0.3465852634
2891 -0.3430907101
3338 -0.3410106804
3361 -0.3404161243
3401 -0.3400810507
3413 -0.3349177014
3727 -0.3334033600
3787 -0.3255512562
4271 -0.3242983004
4504 -0.3240875825
4677 -0.3239500740
4710 -0.3231997560
4748 -0.3212078849
4799 -0.3206994093
4916 -0.3205379000
4950 -0.3187175845
5329 -0.3175853298
5586 -0.3161683981
5954 -0.3161113353
5993 -0.3108487623
6354 -0.3107916994
6805 -0.3104341169
6834 -0.3095201911
7598 -0.3091055457
7652 -0.3083645284
8709 -0.3077109633
9424 -0.3075040537
10077 -0.3018015696
13426 -0.3016837620
14003 -0.2963245663
16124 -0.2928002742
100000 -0.2928002742
evaluations raw_y
1 -0.4939187991
4 -0.4772589021
30 -0.4767815346
53 -0.4614075396
117 -0.4606410052
130 -0.4567228817
184 -0.4066878822
951 -0.4051265190
995 -0.4045713013
1162 -0.3929614895
1211 -0.3902783552
1421 -0.3891015893
1442 -0.3766941817
1489 -0.3735909657
1774 -0.3691223551
1836 -0.3680439970
1914 -0.3534278472
2386 -0.3528133332
2464 -0.3499315384
2519 -0.3453409894
2650 -0.3414795357
2942 -0.3395540631
3099 -0.3318806600
3396 -0.3299505372
3483 -0.3250466031
3943 -0.3242319222
3974 -0.3225706396
4017 -0.3202833038
4097 -0.3194207640
4207 -0.3154884480
4792 -0.3138622824
4800 -0.3137621947
4896 -0.3111764206
5212 -0.3104771735
5489 -0.3092519104
5562 -0.3084128198
5689 -0.3071614689
5989 -0.3066203800
6199 -0.3065741349
6243 -0.3053900899
6328 -0.3053817047
6546 -0.3023230877
6550 -0.3022768425
6761 -0.3010844124
8110 -0.3003883615
9212 -0.2998184776
10749 -0.2974484895
10981 -0.2974401044
11066 -0.2968702205
15609 -0.2933924922
25804 -0.2920664943
100000 -0.2920664943
evaluations raw_y
1 -0.5365694790
2 -0.5316344509
3 -0.5126123350
6 -0.4949324152
7 -0.4932328073
10 -0.4881892559
24 -0.4762496195
36 -0.4572237027
41 -0.4423932002
108 -0.4338583756
167 -0.4321405689
337 -0.4315829086
602 -0.4280102639
657 -0.4165849513
922 -0.4114849667
996 -0.4050020913
1203 -0.3958504611
1459 -0.3942235164
1723 -0.3884628895
1778 -0.3803732889
2022 -0.3798416942
2365 -0.3702575742
2583 -0.3507252351
3316 -0.3487243166
3457 -0.3468718950
3602 -0.3453620695
3696 -0.3445713792
3768 -0.3382934031
4126 -0.3307713789
4469 -0.3278649378
4773 -0.3271917938
4812 -0.3246897748
4826 -0.3223483653
4836 -0.3221457131
5232 -0.3188954828
5337 -0.3182338951
5357 -0.3163349969
5724 -0.3156023647
5933 -0.3155453019
6119 -0.3154759592
6187 -0.3154289197
6254 -0.3148400669
6377 -0.3147830041
6442 -0.3142151632
6761 -0.3141489163
6879 -0.3140593909
6884 -0.3135708858
6993 -0.3128852197
7156 -0.3123867214
7187 -0.3118078919
7372 -0.3116814865
7501 -0.3116244237
7568 -0.3116160385
8004 -0.3113415273
8042 -0.3109708586
8189 -0.3109624735
8858 -0.3105562132
9115 -0.3105478281
9282 -0.3097697365
9777 -0.3094381625
10114 -0.3041185266
19523 -0.3027925287
34945 -0.3026747212
35849 -0.2973155254
44288 -0.2958002651
100000 -0.3156968299
evaluations raw_y
1 -0.5089171408
3 -0.4849707022
13 -0.4437744194
280 -0.4228737277
500 -0.4198908879
503 -0.4168391464
952 -0.4056835452
1133 -0.3940611375
1145 -0.3854300454
1935 -0.3843495163
2086 -0.3815263849
2118 -0.3780578381
2151 -0.3736570568
2215 -0.3726888423
2327 -0.3686223955
2431 -0.3683194757
2437 -0.3642064805
2695 -0.3606754636
2943 -0.3603986980
3019 -0.3556569704
3291 -0.3507289486
3493 -0.3493937835
3742 -0.3466110472
3903 -0.3431763077
3905 -0.3415275152
3945 -0.3414859730
4083 -0.3372611335
4529 -0.3370549112
4607 -0.3360697919
4742 -0.3360297496
4958 -0.3357933340
5002 -0.3347357211
5024 -0.3338497220
5073 -0.3331001133
5090 -0.3313693353
5153 -0.3290315986
5393 -0.3280093919
5451 -0.3259491230
5752 -0.3247566929
6461 -0.3234440598
6577 -0.3210031289
6709 -0.3195550332
6786 -0.3190586538
6837 -0.3184196658
6876 -0.3183626030
7194 -0.3177460208
7472 -0.3177376356
7859 -0.3177234211
7993 -0.3157084730
7995 -0.3150918907
8033 -0.3150835056
8389 -0.3149654853
8689 -0.3149571001
8701 -0.3140668072
8781 -0.3122999795
8978 -0.3102624317
9011 -0.3096945271
9118 -0.3096458494
9142 -0.3096374643
12174 -0.3095196568
15709 -0.3068253127
28288 -0.3053100524
42135 -0.3023617953
90520 -0.3017329055
100000 -0.3087283753
evaluations raw_y
1 -0.5076479058
2 -0.4626454337
11 -0.4527571874
70 -0.4512464064
80 -0.4096928509
544 -0.4015644599
623 -0.4010291171
789 -0.3989061524
819 -0.3948305997
998 -0.3903313734
1138 -0.3891010836
1403 -0.3737731554
1639 -0.3661400865
1742 -0.3646811076
1810 -0.3634770896
2053 -0.3396863211
2746 -0.3382085569
2787 -0.3368800276
2836 -0.3361019614
2908 -0.3346743092
2935 -0.3262866175
3277 -0.3250215446
3286 -0.3238467349
3380 -0.3200023761
3395 -0.3163932161
3838 -0.3142616901
3865 -0.3129062449
4065 -0.3117236251
4107 -0.3079377245
4339 -0.3077743358
4342 -0.3067074344
4656 -0.3055150042
4794 -0.3028878770
5157 -0.3016954468
5260 -0.3006944065
5871 -0.3000408414
6113 -0.2992204119
6385 -0.2985668468
6826 -0.2982352728
7033 -0.2980867268
7814 -0.2977551528
29744 -0.2971262630
35340 -0.2958002651
100000 -0.3011199009
evaluations raw_y
1 -0.5529967024
2 -0.4835759685
3 -0.4611191909
31 -0.4539245413
72 -0.4475047183
291 -0.4381195336
402 -0.4351942882
522 -0.4217633762
559 -0.4214663470
861 -0.4181168048
886 -0.4168874205
1023 -0.4045130368
1136 -0.4004211033
1548 -0.3888714871
2132 -0.3746539523
2279 -0.3718075362
2400 -0.3700931328
2545 -0.3696498448
2600 -0.3583348131
2926 -0.3550568222
3287 -0.3506841849
3590 -0.3473541573
3597 -0.3460037128
3661 -0.3404095560
3797 -0.3385808525
3979 -0.3338425983
4632 -0.3306510164
4746 -0.3291455172
5048 -0.3289079753
5077 -0.3286272418
5211 -0.3277652344
5297 -0.3273066792
5321 -0.3267562225
5420 -0.3242627016
5710 -0.3236219725
5771 -0.3224122578
5991 -0.3215502503
6180 -0.3207018476
6327 -0.3182581661
6444 -0.3175079959
6633 -0.3156963838
6698 -0.3145558576
6945 -0.3139859736
7104 -0.3134133114
7236 -0.3121830212
8017 -0.3110033350
8184 -0.3092003825
8194 -0.3087202625
8471 -0.3063599324
9632 -0.3060283583
9775 -0.3056189150
10262 -0.3052873410
13108 -0.3018096127
16280 -0.3011807229
37168 -0.3010661161
37229 -0.2995921215
37706 -0.2994657160
38429 -0.2941460802
51737 -0.2928200823
100000 -0.3092985243
evaluations raw_y
1 -0.5249697642
4 -0.5050163407
5 -0.4773111880
51 -0.4524679781
59 -0.4475203981
310 -0.4408997743
340 -0.4373352713
432 -0.4357313327
458 -0.4240541616
707 -0.4197685862
813 -0.4106905621
997 -0.3979963826
1487 -0.3921941065
1501 -0.3907165801
1668 -0.3891408568
1751 -0.3853531426
1870 -0.3826454242
1906 -0.3770585968
1946 -0.3730638419
2019 -0.3690049808
2219 -0.3683943434
2241 -0.3673567216
2429 -0.3560130795
2678 -0.3495208511
2830 -0.3485681828
3220 -0.3467777736
3276 -0.3446353215
3723 -0.3412070125
3789 -0.3371831773
3988 -0.3349495029
4018 -0.3309685294
4082 -0.3309341682
4301 -0.3308480200
4332 -0.3248006142
4613 -0.3211853504
5023 -0.3194043993
5052 -0.3177801571
5134 -0.3159809567
5539 -0.3157125664
5545 -0.3154748932
5650 -0.3146631991
5880 -0.3121573074
6036 -0.3095179829
6544 -0.3095095978
6881 -0.3085085574
7596 -0.3081845192
7820 -0.3063815667
8104 -0.3061357211
8303 -0.3058116828
8483 -0.3050493850
36204 -0.3021011279
100000 -0.3021011279
evaluations raw_y
1 -0.4856340286
3 -0.4785098526
4 -0.4731001324
11 -0.4698492602
28 -0.4630342118
71 -0.4611086086
141 -0.4564743233
147 -0.4557110761
272 -0.4425819149
401 -0.4420685083
464 -0.4408598882
477 -0.4224527976
787 -0.4185766455
807 -0.4108948661
1019 -0.3968925386
1120 -0.3903885182
1434 -0.3717238029
1741 -0.3654214974
2158 -0.3612043151
2234 -0.3568508540
2515 -0.3463895870
3017 -0.3433278158
3135 -0.3430423362
3195 -0.3356740834
3466 -0.3338615062
3486 -0.3287288614
3824 -0.3257934535
4181 -0.3240274274
4432 -0.3238671125
4730 -0.3233865071
4763 -0.3202165726
4967 -0.3186991027
5194 -0.3173335736
5446 -0.3172589462
5482 -0.3167924637
5597 -0.3155316677
6017 -0.3154072326
6312 -0.3147906504
6346 -0.3131132307
6610 -0.3112663583
7315 -0.3097510980
7674 -0.3097448199
7739 -0.3082295596
8502 -0.3077494396
8703 -0.3074178655
9828 -0.3064168252
10900 -0.3062990176
11727 -0.3009398219
32963 -0.2991011370
100000 -0.2991011370
evaluations raw_y
1 -0.4709992191
37 -0.4628439431
45 -0.4623408458
72 -0.4604038926
93 -0.4523010076
160 -0.4431071071
198 -0.4404181197
355 -0.4397825240
377 -0.4364537841
389 -0.4280499035
536 -0.4265681981
693 -0.4202695571
855 -0.4197528781
857 -0.4109250210
954 -0.4033360730
1332 -0.3835228673
1659 -0.3824833861
1900 -0.3824374942
1965 -0.3630662302
2399 -0.3532452109
2793 -0.3505238465
2854 -0.3484183213
3183 -0.3421486665
3338 -0.3416822673
3383 -0.3389356943
3388 -0.3378559717
3678 -0.3328707757
4114 -0.3323137229
4155 -0.3298257285
4379 -0.3286643008
4403 -0.3285956157
4491 -0.3272462766
4541 -0.3261546823
4732 -0.3248594879
5135 -0.3239491612
5315 -0.3201202099
5652 -0.3199690477
6032 -0.3188621461
6036 -0.3187823111
6051 -0.3155748250
6243 -0.3141008304
6578 -0.3134472654
7522 -0.3134388802
18693 -0.3099611519
21059 -0.3098433444
22302 -0.3059581432
22355 -0.3044841487
40486 -0.3021952471
40812 -0.2998349169
100000 -0.3120889650
