evaluations raw_y
1 -0.4775148650
3 -0.4737077040
6 -0.4618653348
12 -0.4562285765
13 -0.4544192040
18 -0.4488975158
22 -0.4282901360
30 -0.4242277054
53 -0.4178269084
64 -0.4126680593
69 -0.4089025173
78 -0.4078219745
87 -0.4070977288
88 -0.3998500880
99 -0.3992790513
104 -0.3980830106
106 -0.3980259478
139 -0.3906314771
174 -0.3894011869
176 -0.3827558617
206 -0.3781296669
219 -0.3781212818
224 -0.3732077124
225 -0.3646936899
242 -0.3641639472
246 -0.3640771077
251 -0.3580449856
312 -0.3569822550
316 -0.3538714658
371 -0.3501073728
383 -0.3486333783
388 -0.3468492456
440 -0.3444889155
514 -0.3440087955
571 -0.3432827998
575 -0.3384845389
589 -0.3367736434
597 -0.3345998584
603 -0.3328889629
609 -0.3310652550
632 -0.3272689777
658 -0.3266523955
688 -0.3256513551
716 -0.3211374675
1038 -0.3203964501
1558 -0.3189224556
6908 -0.3174071952
7679 -0.3155685103
8080 -0.3128741663
23536 -0.3093964380
90909 -0.3087675482
100000 -0.3087675482
evaluations raw_y
1 -0.5198362109
10 -0.5057860231
12 -0.5049776640
13 -0.4932745125
14 -0.4756544842
19 -0.4678069976
28 -0.4643590211
29 -0.4618963540
31 -0.4577645322
34 -0.4475654382
43 -0.4430878014
47 -0.4274670534
57 -0.4172370800
68 -0.4075166431
76 -0.3972321044
84 -0.3955212089
85 -0.3943768191
93 -0.3903581731
96 -0.3810338057
109 -0.3758754269
116 -0.3752218619
127 -0.3716909780
130 -0.3710374129
141 -0.3665799075
142 -0.3653393739
162 -0.3643546569
185 -0.3632889413
190 -0.3626353763
194 -0.3588242040
205 -0.3536011666
224 -0.3512370793
237 -0.3507889573
248 -0.3485345293
252 -0.3462750697
263 -0.3395325751
272 -0.3388790100
287 -0.3384750940
295 -0.3367855184
308 -0.3367771333
323 -0.3321112434
332 -0.3313489456
345 -0.3286566952
346 -0.3274642651
362 -0.3265427355
366 -0.3221050693
375 -0.3203336903
381 -0.3202340501
425 -0.3158688643
555 -0.3140659119
581 -0.3134960280
608 -0.3122429244
628 -0.3099634760
642 -0.3091616350
666 -0.3085450527
766 -0.3073147625
871 -0.3055433835
41237 -0.3049144938
79435 -0.3035884959
100000 -0.3073789278
evaluations raw_y
1 -0.5456547035
2 -0.5215731044
3 -0.5128033427
6 -0.4812529530
9 -0.4722068004
10 -0.4637743928
20 -0.4479699443
23 -0.4438182313
29 -0.4420693338
37 -0.4368016758
43 -0.4308605114
50 -0.4282509592
52 -0.4215100156
58 -0.4152550131
65 -0.4143516354
68 -0.4092094835
71 -0.4071464505
84 -0.4053462331
85 -0.3997935238
88 -0.3974331936
113 -0.3947790636
133 -0.3947706784
135 -0.3881337383
139 -0.3881253532
147 -0.3802140492
171 -0.3780089347
175 -0.3779915619
177 -0.3730988940
184 -0.3711780573
205 -0.3681937927
207 -0.3671249763
213 -0.3669391544
223 -0.3647393988
235 -0.3617879697
236 -0.3609738569
242 -0.3597333233
245 -0.3579619442
266 -0.3477442014
308 -0.3470240672
309 -0.3457861853
313 -0.3442646469
344 -0.3380498623
354 -0.3337583079
394 -0.3320474124
446 -0.3301245208
470 -0.3296847916
477 -0.3275980608
524 -0.3273465220
526 -0.3260939557
564 -0.3217287699
584 -0.3207277296
622 -0.3207193444
641 -0.3194126343
648 -0.3184199791
749 -0.3181684403
759 -0.3176089209
765 -0.3175518581
785 -0.3127176068
798 -0.3114568108
919 -0.3113304054
981 -0.3113220202
984 -0.3101001152
1003 -0.3098303269
1007 -0.3060107695
1056 -0.3055306495
1266 -0.3043003594
1273 -0.3042919742
1669 -0.3020868598
3798 -0.3005715995
4247 -0.2992456016
14663 -0.2974069167
100000 -0.2974069167
evaluations raw_y
1 -0.5334986183
2 -0.4950464426
7 -0.4866404386
9 -0.4852653615
11 -0.4729495463
13 -0.4626238033
16 -0.4404078922
27 -0.4347374390
31 -0.4247877526
35 -0.4103183675
43 -0.4046786427
50 -0.3972545781
54 -0.3953794098
60 -0.3936535537
66 -0.3892752426
87 -0.3858124840
92 -0.3841168639
111 -0.3823363302
112 -0.3806541052
121 -0.3783126498
132 -0.3762496168
142 -0.3747756223
153 -0.3731674145
158 -0.3689671343
160 -0.3674931398
183 -0.3656687281
204 -0.3616034632
219 -0.3578071859
280 -0.3552386978
289 -0.3547585778
290 -0.3493412171
324 -0.3476303216
355 -0.3438442779
367 -0.3399356134
407 -0.3384140750
422 -0.3371425667
476 -0.3362800557
514 -0.3260432632
526 -0.3257116892
567 -0.3252315692
615 -0.3228712390
719 -0.3213559787
746 -0.3203469669
1026 -0.3191166767
7372 -0.3155923846
11792 -0.3126441275
30654 -0.3102317920
30727 -0.3045337530
37430 -0.3010560247
54570 -0.3004271349
90789 -0.2991011370
100000 -0.3014614671
evaluations raw_y
1 -0.5045364996
5 -0.4972008452
6 -0.4910246848
14 -0.4826078352
18 -0.4758777652
25 -0.4611727679
32 -0.4545849712
38 -0.4445269968
43 -0.4315832528
58 -0.4279791568
60 -0.4256671611
64 -0.4236041282
72 -0.4173307995
82 -0.4122564385
87 -0.4116028734
93 -0.4101977833
104 -0.4069475625
119 -0.4056469676
122 -0.4032390862
131 -0.3942632509
144 -0.3896327688
149 -0.3858672268
155 -0.3821031339
182 -0.3819109525
183 -0.3810941220
189 -0.3810370592
190 -0.3808448778
196 -0.3781151932
202 -0.3774045653
208 -0.3772123839
209 -0.3706702372
216 -0.3694399470
223 -0.3672979654
224 -0.3645950923
229 -0.3616161635
250 -0.3594741819
254 -0.3572523014
255 -0.3558703127
261 -0.3537686517
262 -0.3516266700
264 -0.3512722272
269 -0.3442321993
298 -0.3440400179
326 -0.3427394423
330 -0.3416394492
339 -0.3378753562
348 -0.3321773171
374 -0.3283810398
419 -0.3277644576
509 -0.3241823795
510 -0.3223113602
563 -0.3204227202
566 -0.3195842621
576 -0.3191696167
607 -0.3188455784
646 -0.3170426260
687 -0.3126774403
836 -0.3126690551
931 -0.3119067574
10621 -0.3105807594
12717 -0.3090654991
66458 -0.3089476916
66487 -0.3035884959
100000 -0.3042845467
evaluations raw_y
1 -0.4890523113
4 -0.4837956100
6 -0.4578841731
14 -0.4377973660
21 -0.4363860589
28 -0.4258160105
35 -0.4218701419
37 -0.4187018664
46 -0.4181129152
50 -0.4177980159
52 -0.4113108450
60 -0.4087831875
67 -0.4086445617
73 -0.4049901768
78 -0.4006436165
89 -0.3994133263
90 -0.3958320850
97 -0.3940210254
99 -0.3903344667
103 -0.3829159159
119 -0.3816856258
142 -0.3794061774
155 -0.3757572128
163 -0.3727734132
178 -0.3727284463
183 -0.3709851804
184 -0.3660750500
186 -0.3653789992
207 -0.3653706141
212 -0.3638031293
220 -0.3630186690
224 -0.3630102839
229 -0.3594607746
233 -0.3586679292
234 -0.3575526425
241 -0.3570036498
242 -0.3541901346
266 -0.3522184836
269 -0.3500959511
299 -0.3493336533
312 -0.3443112710
331 -0.3425398920
360 -0.3413474619
368 -0.3367781998
387 -0.3360319804
464 -0.3337827999
468 -0.3337181396
483 -0.3337097544
489 -0.3327817595
516 -0.3293022050
531 -0.3213228696
689 -0.3164780149
771 -0.3156977215
838 -0.3122574323
882 -0.3110271421
1229 -0.3080433426
1380 -0.3073897775
1461 -0.3052477959
1482 -0.3046312136
2888 -0.3031159533
12406 -0.3012772684
21200 -0.3011594609
21527 -0.2958002651
100000 -0.2995906971
evaluations raw_y
1 -0.5459863764
2 -0.5146070955
3 -0.4896647951
8 -0.4870171400
19 -0.4673512124
33 -0.4668881242
35 -0.4570085359
37 -0.4388289699
59 -0.4344330201
61 -0.4318592077
63 -0.4256595853
67 -0.4236902442
70 -0.4224064937
74 -0.4149081332
83 -0.4144473345
89 -0.4118981481
91 -0.4095680798
100 -0.4046672436
103 -0.4026979025
112 -0.3992576133
133 -0.3956793200
141 -0.3904435463
143 -0.3901536079
146 -0.3898837050
150 -0.3882082168
151 -0.3877842980
157 -0.3842060048
177 -0.3834279132
179 -0.3766681031
188 -0.3699777887
194 -0.3603290104
200 -0.3551403454
213 -0.3538998118
241 -0.3537076304
264 -0.3532275104
273 -0.3495012858
277 -0.3490211658
290 -0.3477539049
302 -0.3467448930
325 -0.3441957066
335 -0.3427217120
347 -0.3404139616
352 -0.3380498742
379 -0.3374332920
435 -0.3362408618
443 -0.3330681062
458 -0.3318756761
459 -0.3297427488
535 -0.3287417084
663 -0.3214592260
715 -0.3206435812
726 -0.3205171757
775 -0.3201025303
807 -0.3189101002
832 -0.3135904644
5178 -0.3128045420
9820 -0.3109658571
18413 -0.3074881288
20531 -0.3054278599
20639 -0.3024796028
20824 -0.3023617953
61178 -0.3017329055
100000 -0.3049831263
evaluations raw_y
1 -0.4861180664
8 -0.4622823082
18 -0.4457239909
31 -0.4411833597
34 -0.4320307386
39 -0.4289429850
42 -0.4261680452
45 -0.4158316466
53 -0.4066018182
59 -0.4001142885
80 -0.3975449018
92 -0.3870052988
111 -0.3855313043
125 -0.3816964229
130 -0.3802224283
133 -0.3789509200
139 -0.3744155403
141 -0.3742130541
162 -0.3738004496
169 -0.3729986085
171 -0.3729415457
177 -0.3630232472
197 -0.3589579824
205 -0.3575160738
206 -0.3535371513
221 -0.3521019768
226 -0.3457243335
261 -0.3452442135
273 -0.3438871886
275 -0.3401986214
299 -0.3384272424
318 -0.3295480480
329 -0.3275847362
342 -0.3238206433
392 -0.3232823583
399 -0.3175798741
435 -0.3148679383
476 -0.3130649859
506 -0.3104108558
508 -0.3098409719
525 -0.3067242971
584 -0.3063927231
589 -0.3062441771
599 -0.3056742931
752 -0.3052596477
1156 -0.3052512626
1245 -0.3049196886
2235 -0.3046025421
2259 -0.3030810037
11921 -0.3017550058
13082 -0.2982772775
16468 -0.2981594699
16961 -0.2928002742
100000 -0.2966198316
evaluations raw_y
1 -0.5124420426
2 -0.4880566088
8 -0.4728278198
15 -0.4532736563
21 -0.4500207831
23 -0.4396271045
36 -0.4339396446
44 -0.4312536448
46 -0.4290013080
55 -0.4221776868
58 -0.4216842701
71 -0.4211143862
93 -0.4201863913
100 -0.4198815545
104 -0.4193950005
105 -0.4133466557
112 -0.4132633258
117 -0.4116816461
118 -0.4060428793
126 -0.4057312043
127 -0.4053018619
129 -0.4023563206
131 -0.4020446456
138 -0.3987415530
148 -0.3964338026
153 -0.3926697096
177 -0.3824925950
185 -0.3824842099
216 -0.3812234139
231 -0.3807128309
241 -0.3794520349
252 -0.3764731060
269 -0.3758231185
270 -0.3745014550
275 -0.3737233634
279 -0.3670780381
297 -0.3653671426
353 -0.3564835529
360 -0.3552162920
391 -0.3542152516
395 -0.3491751747
403 -0.3464590838
405 -0.3461275097
436 -0.3411010953
444 -0.3407695213
450 -0.3400285039
451 -0.3380556756
454 -0.3373146582
461 -0.3367227055
464 -0.3345676922
480 -0.3335666518
482 -0.3332434629
485 -0.3306913968
492 -0.3303598228
500 -0.3293587824
501 -0.3286177650
540 -0.3224531033
575 -0.3206501509
682 -0.3162849651
792 -0.3100808064
856 -0.3099544010
907 -0.3084251971
911 -0.3071968403
922 -0.3046347651
990 -0.3046263800
1395 -0.2993175040
1638 -0.2989934658
1890 -0.2982311680
2303 -0.2963924831
10746 -0.2950664852
100000 -0.3015998883
evaluations raw_y
1 -0.4985934913
2 -0.4799221643
19 -0.4652647360
26 -0.4480233315
35 -0.4424821998
38 -0.4333991207
47 -0.4330572916
74 -0.4296279132
79 -0.4236115499
81 -0.4166691805
97 -0.4106280632
107 -0.4084464291
115 -0.4057441301
128 -0.4040221265
131 -0.4004157610
141 -0.3956420972
143 -0.3950028730
145 -0.3934924312
149 -0.3868021169
155 -0.3861855346
176 -0.3848019094
179 -0.3816051815
185 -0.3775521004
219 -0.3731551601
225 -0.3713522077
253 -0.3628887226
258 -0.3624086026
282 -0.3623515398
284 -0.3602034881
298 -0.3596754402
304 -0.3554690956
311 -0.3542388054
353 -0.3540318958
388 -0.3492203644
414 -0.3491633016
416 -0.3424649383
463 -0.3387883076
473 -0.3341662106
474 -0.3341578255
632 -0.3263450076
759 -0.3261380980
788 -0.3204356139
909 -0.3184727672
910 -0.3131531314
1028 -0.3124121140
3234 -0.3122174163
3588 -0.3108968537
9630 -0.3082025096
15877 -0.3075736199
25263 -0.3062476219
26260 -0.3027698937
53456 -0.2992456016
70382 -0.2974069167
100000 -0.3160157122
