evaluations raw_y
1 2377.0000000000
4 2394.0000000000
7 2422.0000000000
9 2528.0000000000
14 2572.0000000000
20 2671.0000000000
22 2682.0000000000
25 2696.0000000000
27 2785.0000000000
30 2865.0000000000
39 2910.0000000000
45 2928.0000000000
49 2954.0000000000
52 3001.0000000000
59 3020.0000000000
60 3036.0000000000
64 3038.0000000000
65 3072.0000000000
67 3170.0000000000
71 3171.0000000000
79 3192.0000000000
82 3221.0000000000
84 3336.0000000000
88 3420.0000000000
92 3550.0000000000
96 3607.0000000000
97 3630.0000000000
106 3723.0000000000
111 3791.0000000000
128 3880.0000000000
129 3953.0000000000
134 4011.0000000000
137 4069.0000000000
142 4108.0000000000
144 4133.0000000000
146 4221.0000000000
160 4256.0000000000
165 4263.0000000000
166 4333.0000000000
171 4392.0000000000
180 4396.0000000000
186 4460.0000000000
205 4479.0000000000
210 4481.0000000000
223 4501.0000000000
225 4573.0000000000
234 4597.0000000000
249 4668.0000000000
262 4686.0000000000
266 4713.0000000000
287 4780.0000000000
290 4781.0000000000
338 4795.0000000000
359 4840.0000000000
366 4926.0000000000
374 4929.0000000000
394 4966.0000000000
403 4982.0000000000
417 4998.0000000000
448 5008.0000000000
608 5013.0000000000
669 5041.0000000000
735 5050.0000000000
evaluations raw_y
1 2109.0000000000
2 2119.0000000000
3 2149.0000000000
9 2205.0000000000
12 2207.0000000000
15 2303.0000000000
22 2324.0000000000
25 2390.0000000000
26 2448.0000000000
30 2478.0000000000
36 2547.0000000000
44 2566.0000000000
50 2606.0000000000
54 2722.0000000000
57 2803.0000000000
61 2811.0000000000
67 2926.0000000000
73 2983.0000000000
74 3059.0000000000
84 3102.0000000000
91 3226.0000000000
99 3286.0000000000
109 3304.0000000000
110 3409.0000000000
116 3433.0000000000
123 3455.0000000000
127 3463.0000000000
134 3523.0000000000
137 3578.0000000000
144 3602.0000000000
150 3615.0000000000
151 3620.0000000000
157 3671.0000000000
158 3757.0000000000
162 3815.0000000000
166 3871.0000000000
189 3905.0000000000
212 3996.0000000000
225 4034.0000000000
248 4111.0000000000
249 4134.0000000000
264 4137.0000000000
291 4169.0000000000
302 4204.0000000000
310 4315.0000000000
311 4339.0000000000
314 4386.0000000000
321 4393.0000000000
351 4399.0000000000
370 4494.0000000000
463 4502.0000000000
468 4557.0000000000
547 4651.0000000000
590 4663.0000000000
610 4665.0000000000
647 4695.0000000000
690 4747.0000000000
701 4813.0000000000
716 4893.0000000000
722 4895.0000000000
727 4905.0000000000
756 4919.0000000000
876 4988.0000000000
994 5006.0000000000
1079 5013.0000000000
1101 5033.0000000000
1135 5050.0000000000
evaluations raw_y
1 2582.0000000000
5 2615.0000000000
7 2742.0000000000
15 2842.0000000000
16 2859.0000000000
22 2882.0000000000
28 2943.0000000000
32 2964.0000000000
37 3045.0000000000
41 3119.0000000000
44 3154.0000000000
46 3170.0000000000
52 3228.0000000000
64 3233.0000000000
67 3327.0000000000
68 3375.0000000000
71 3397.0000000000
76 3407.0000000000
77 3416.0000000000
78 3444.0000000000
82 3621.0000000000
86 3638.0000000000
87 3753.0000000000
99 3795.0000000000
101 3801.0000000000
110 3827.0000000000
115 3862.0000000000
119 3876.0000000000
120 3956.0000000000
122 3957.0000000000
123 4021.0000000000
127 4049.0000000000
129 4096.0000000000
132 4145.0000000000
138 4223.0000000000
159 4277.0000000000
166 4290.0000000000
182 4321.0000000000
186 4396.0000000000
187 4458.0000000000
192 4515.0000000000
207 4610.0000000000
224 4623.0000000000
245 4689.0000000000
251 4733.0000000000
255 4739.0000000000
258 4855.0000000000
371 4858.0000000000
399 4886.0000000000
408 4949.0000000000
568 4951.0000000000
615 4962.0000000000
636 5003.0000000000
811 5028.0000000000
852 5032.0000000000
860 5044.0000000000
1196 5050.0000000000
evaluations raw_y
1 2470.0000000000
5 2514.0000000000
6 2516.0000000000
8 2596.0000000000
12 2677.0000000000
13 2740.0000000000
14 2761.0000000000
15 2851.0000000000
17 3022.0000000000
18 3076.0000000000
20 3079.0000000000
35 3110.0000000000
38 3150.0000000000
47 3191.0000000000
49 3252.0000000000
52 3299.0000000000
58 3307.0000000000
71 3395.0000000000
75 3434.0000000000
76 3523.0000000000
80 3608.0000000000
82 3618.0000000000
87 3684.0000000000
90 3741.0000000000
91 3756.0000000000
97 3822.0000000000
99 3837.0000000000
100 3929.0000000000
121 3941.0000000000
124 4024.0000000000
126 4060.0000000000
128 4064.0000000000
130 4107.0000000000
138 4142.0000000000
141 4195.0000000000
146 4264.0000000000
153 4350.0000000000
160 4375.0000000000
164 4414.0000000000
173 4465.0000000000
176 4472.0000000000
186 4490.0000000000
218 4504.0000000000
239 4522.0000000000
270 4536.0000000000
290 4543.0000000000
302 4551.0000000000
324 4563.0000000000
329 4592.0000000000
338 4610.0000000000
343 4679.0000000000
350 4840.0000000000
370 4861.0000000000
416 4880.0000000000
425 4943.0000000000
506 4999.0000000000
553 5010.0000000000
562 5032.0000000000
753 5044.0000000000
961 5050.0000000000
evaluations raw_y
1 2572.0000000000
4 2608.0000000000
6 2768.0000000000
8 2769.0000000000
9 2883.0000000000
14 2962.0000000000
16 2966.0000000000
21 2968.0000000000
25 3058.0000000000
29 3109.0000000000
33 3178.0000000000
40 3260.0000000000
43 3380.0000000000
48 3471.0000000000
49 3493.0000000000
53 3504.0000000000
56 3574.0000000000
57 3641.0000000000
69 3707.0000000000
74 3710.0000000000
75 3733.0000000000
81 3748.0000000000
87 3874.0000000000
121 3960.0000000000
125 4055.0000000000
130 4064.0000000000
141 4140.0000000000
150 4166.0000000000
158 4244.0000000000
168 4289.0000000000
178 4304.0000000000
183 4396.0000000000
187 4492.0000000000
211 4496.0000000000
216 4513.0000000000
223 4525.0000000000
233 4566.0000000000
236 4627.0000000000
244 4634.0000000000
274 4637.0000000000
295 4683.0000000000
303 4771.0000000000
442 4847.0000000000
457 4868.0000000000
528 4899.0000000000
576 4913.0000000000
626 4918.0000000000
646 4949.0000000000
667 4979.0000000000
737 5012.0000000000
939 5030.0000000000
1489 5046.0000000000
1592 5049.0000000000
1820 5050.0000000000
evaluations raw_y
1 2500.0000000000
2 2667.0000000000
8 2694.0000000000
9 2765.0000000000
11 2773.0000000000
18 2833.0000000000
20 2889.0000000000
26 2912.0000000000
27 2986.0000000000
28 3012.0000000000
30 3081.0000000000
32 3170.0000000000
38 3307.0000000000
52 3344.0000000000
67 3350.0000000000
72 3450.0000000000
73 3502.0000000000
81 3597.0000000000
83 3617.0000000000
98 3650.0000000000
106 3667.0000000000
108 3760.0000000000
109 3821.0000000000
110 3846.0000000000
112 3916.0000000000
126 3937.0000000000
132 3949.0000000000
138 3984.0000000000
145 4068.0000000000
154 4084.0000000000
166 4158.0000000000
169 4219.0000000000
176 4294.0000000000
208 4309.0000000000
233 4337.0000000000
242 4356.0000000000
246 4362.0000000000
253 4405.0000000000
261 4415.0000000000
267 4416.0000000000
270 4433.0000000000
280 4467.0000000000
283 4477.0000000000
292 4479.0000000000
294 4530.0000000000
301 4532.0000000000
311 4539.0000000000
339 4602.0000000000
343 4614.0000000000
390 4622.0000000000
403 4662.0000000000
422 4730.0000000000
423 4731.0000000000
435 4777.0000000000
454 4819.0000000000
472 4866.0000000000
478 4907.0000000000
585 4922.0000000000
702 4954.0000000000
707 5014.0000000000
716 5022.0000000000
734 5030.0000000000
823 5050.0000000000
evaluations raw_y
1 2702.0000000000
2 2746.0000000000
3 2794.0000000000
4 2895.0000000000
15 2964.0000000000
16 3100.0000000000
27 3203.0000000000
32 3210.0000000000
33 3306.0000000000
34 3319.0000000000
38 3362.0000000000
40 3434.0000000000
59 3452.0000000000
62 3481.0000000000
66 3530.0000000000
68 3538.0000000000
70 3555.0000000000
80 3632.0000000000
82 3703.0000000000
83 3710.0000000000
84 3768.0000000000
86 3772.0000000000
96 3833.0000000000
98 3849.0000000000
102 3857.0000000000
108 3901.0000000000
111 3947.0000000000
129 3973.0000000000
136 4057.0000000000
148 4084.0000000000
168 4123.0000000000
170 4130.0000000000
174 4194.0000000000
183 4195.0000000000
186 4197.0000000000
190 4218.0000000000
199 4287.0000000000
200 4372.0000000000
213 4396.0000000000
218 4483.0000000000
225 4564.0000000000
234 4573.0000000000
264 4625.0000000000
269 4717.0000000000
304 4746.0000000000
321 4777.0000000000
331 4800.0000000000
336 4804.0000000000
362 4870.0000000000
381 4882.0000000000
416 4884.0000000000
471 4901.0000000000
512 4923.0000000000
562 4928.0000000000
591 4999.0000000000
657 5012.0000000000
820 5030.0000000000
1052 5044.0000000000
1053 5050.0000000000
evaluations raw_y
1 2299.0000000000
10 2311.0000000000
11 2369.0000000000
12 2457.0000000000
17 2485.0000000000
18 2493.0000000000
20 2556.0000000000
23 2575.0000000000
37 2672.0000000000
42 2693.0000000000
43 2733.0000000000
44 2760.0000000000
45 2828.0000000000
51 2865.0000000000
55 2962.0000000000
64 2988.0000000000
69 3017.0000000000
72 3079.0000000000
79 3259.0000000000
81 3262.0000000000
83 3304.0000000000
96 3334.0000000000
110 3455.0000000000
114 3459.0000000000
117 3545.0000000000
118 3579.0000000000
124 3627.0000000000
131 3711.0000000000
136 3712.0000000000
140 3758.0000000000
141 3829.0000000000
143 3885.0000000000
159 3888.0000000000
160 3893.0000000000
166 3942.0000000000
171 4001.0000000000
194 4033.0000000000
208 4085.0000000000
217 4159.0000000000
221 4194.0000000000
222 4202.0000000000
229 4296.0000000000
244 4381.0000000000
273 4416.0000000000
275 4504.0000000000
327 4514.0000000000
347 4546.0000000000
350 4625.0000000000
356 4682.0000000000
374 4752.0000000000
428 4773.0000000000
429 4860.0000000000
435 4884.0000000000
460 4902.0000000000
467 4919.0000000000
488 4920.0000000000
521 4994.0000000000
571 5000.0000000000
741 5021.0000000000
743 5041.0000000000
1145 5050.0000000000
evaluations raw_y
1 2995.0000000000
3 3048.0000000000
6 3083.0000000000
7 3195.0000000000
8 3262.0000000000
14 3350.0000000000
15 3445.0000000000
24 3573.0000000000
30 3626.0000000000
31 3721.0000000000
36 3722.0000000000
38 3791.0000000000
47 3849.0000000000
52 3930.0000000000
54 3937.0000000000
60 3953.0000000000
64 3998.0000000000
68 4032.0000000000
71 4181.0000000000
78 4232.0000000000
85 4243.0000000000
89 4275.0000000000
94 4283.0000000000
95 4356.0000000000
137 4376.0000000000
152 4400.0000000000
153 4452.0000000000
177 4544.0000000000
191 4554.0000000000
197 4558.0000000000
199 4657.0000000000
236 4698.0000000000
244 4712.0000000000
250 4764.0000000000
254 4777.0000000000
267 4786.0000000000
284 4788.0000000000
295 4804.0000000000
297 4810.0000000000
328 4901.0000000000
391 4923.0000000000
393 4938.0000000000
440 4985.0000000000
609 5003.0000000000
612 5020.0000000000
709 5023.0000000000
828 5041.0000000000
850 5050.0000000000
evaluations raw_y
1 2778.0000000000
10 2835.0000000000
15 2894.0000000000
18 2954.0000000000
19 3068.0000000000
21 3082.0000000000
23 3174.0000000000
26 3205.0000000000
29 3267.0000000000
34 3315.0000000000
35 3392.0000000000
41 3405.0000000000
43 3484.0000000000
58 3555.0000000000
62 3600.0000000000
65 3606.0000000000
81 3706.0000000000
96 3788.0000000000
99 3790.0000000000
101 3791.0000000000
103 3821.0000000000
104 3828.0000000000
105 3866.0000000000
107 3874.0000000000
110 3913.0000000000
116 3959.0000000000
118 3980.0000000000
120 4004.0000000000
126 4015.0000000000
131 4106.0000000000
147 4184.0000000000
160 4199.0000000000
172 4234.0000000000
176 4302.0000000000
190 4327.0000000000
200 4396.0000000000
203 4439.0000000000
214 4443.0000000000
218 4465.0000000000
234 4472.0000000000
243 4543.0000000000
250 4608.0000000000
253 4638.0000000000
266 4711.0000000000
291 4713.0000000000
305 4763.0000000000
335 4796.0000000000
396 4799.0000000000
408 4814.0000000000
425 4848.0000000000
457 4909.0000000000
533 4914.0000000000
537 4941.0000000000
574 4969.0000000000
670 4978.0000000000
701 4996.0000000000
702 5036.0000000000
735 5050.0000000000
