evaluations raw_y
1 5.0000000000
103 6.0000000000
107 8.0000000000
150 9.0000000000
317 11.0000000000
344 14.0000000000
586 15.0000000000
629 17.0000000000
731 21.0000000000
763 22.0000000000
795 26.0000000000
867 29.0000000000
1268 30.0000000000
1980 33.0000000000
1996 34.0000000000
2049 35.0000000000
2383 36.0000000000
2428 39.0000000000
2476 40.0000000000
2622 41.0000000000
2796 42.0000000000
2874 44.0000000000
2924 45.0000000000
3107 50.0000000000
3109 53.0000000000
3252 54.0000000000
3280 55.0000000000
3392 56.0000000000
3851 57.0000000000
4076 58.0000000000
4534 59.0000000000
4767 60.0000000000
5061 63.0000000000
5303 71.0000000000
5367 73.0000000000
5448 74.0000000000
5477 75.0000000000
5978 80.0000000000
6071 82.0000000000
6141 86.0000000000
6277 90.0000000000
6589 91.0000000000
7120 93.0000000000
7499 94.0000000000
7675 95.0000000000
8797 98.0000000000
8934 99.0000000000
9038 100.0000000000
evaluations raw_y
1 2.0000000000
26 7.0000000000
522 8.0000000000
591 9.0000000000
704 10.0000000000
726 12.0000000000
1015 17.0000000000
1037 20.0000000000
1056 24.0000000000
1456 26.0000000000
1487 28.0000000000
1546 29.0000000000
1589 30.0000000000
1661 31.0000000000
2053 32.0000000000
2152 33.0000000000
2238 34.0000000000
2485 35.0000000000
2731 36.0000000000
2810 38.0000000000
2846 41.0000000000
3273 43.0000000000
3972 44.0000000000
4221 45.0000000000
4319 47.0000000000
4469 49.0000000000
4615 50.0000000000
4679 51.0000000000
5313 53.0000000000
5820 54.0000000000
6193 55.0000000000
6286 58.0000000000
6527 59.0000000000
6627 63.0000000000
6694 64.0000000000
7100 65.0000000000
7390 66.0000000000
7399 68.0000000000
7584 72.0000000000
7639 74.0000000000
8234 77.0000000000
8433 78.0000000000
8435 79.0000000000
8547 80.0000000000
8940 81.0000000000
9146 83.0000000000
9256 86.0000000000
9414 90.0000000000
9456 91.0000000000
9665 93.0000000000
9804 94.0000000000
10101 96.0000000000
10201 97.0000000000
10496 98.0000000000
10509 100.0000000000
evaluations raw_y
1 2.0000000000
10 3.0000000000
197 6.0000000000
243 7.0000000000
397 8.0000000000
793 10.0000000000
861 11.0000000000
1219 14.0000000000
1736 16.0000000000
1766 18.0000000000
1786 20.0000000000
2425 21.0000000000
2452 23.0000000000
2492 25.0000000000
2614 26.0000000000
2686 30.0000000000
2797 33.0000000000
2850 35.0000000000
2920 37.0000000000
3000 38.0000000000
3049 43.0000000000
3153 47.0000000000
3222 48.0000000000
3423 51.0000000000
3502 52.0000000000
3634 54.0000000000
3782 56.0000000000
3889 57.0000000000
3904 59.0000000000
4030 60.0000000000
4452 63.0000000000
4829 66.0000000000
4930 70.0000000000
5469 71.0000000000
5471 72.0000000000
5813 74.0000000000
5866 78.0000000000
6139 79.0000000000
6173 80.0000000000
6322 81.0000000000
6656 84.0000000000
6925 86.0000000000
7252 87.0000000000
7264 88.0000000000
7272 89.0000000000
7330 90.0000000000
7352 92.0000000000
7364 93.0000000000
8068 95.0000000000
8525 96.0000000000
8545 99.0000000000
8979 100.0000000000
evaluations raw_y
1 0.0000000000
2 9.0000000000
7 10.0000000000
186 11.0000000000
211 12.0000000000
244 13.0000000000
460 14.0000000000
603 15.0000000000
763 16.0000000000
787 19.0000000000
1086 21.0000000000
1339 23.0000000000
1388 25.0000000000
1399 26.0000000000
1443 34.0000000000
1478 35.0000000000
1578 36.0000000000
1618 37.0000000000
1635 38.0000000000
1714 39.0000000000
1805 42.0000000000
2160 49.0000000000
2239 53.0000000000
2278 56.0000000000
2390 57.0000000000
2462 58.0000000000
2488 61.0000000000
2761 63.0000000000
3600 66.0000000000
3622 71.0000000000
3651 73.0000000000
4113 75.0000000000
4227 78.0000000000
4274 79.0000000000
4711 81.0000000000
4853 82.0000000000
5397 85.0000000000
5498 88.0000000000
5594 89.0000000000
5659 90.0000000000
5763 91.0000000000
6029 93.0000000000
6083 94.0000000000
6108 96.0000000000
6784 97.0000000000
6817 100.0000000000
evaluations raw_y
1 0.0000000000
4 1.0000000000
6 3.0000000000
147 4.0000000000
242 5.0000000000
305 6.0000000000
331 8.0000000000
386 11.0000000000
416 17.0000000000
459 18.0000000000
541 19.0000000000
562 21.0000000000
611 23.0000000000
731 26.0000000000
758 27.0000000000
792 29.0000000000
818 32.0000000000
824 34.0000000000
846 35.0000000000
884 36.0000000000
1060 39.0000000000
1155 41.0000000000
1242 44.0000000000
1343 45.0000000000
1572 47.0000000000
1787 49.0000000000
2110 52.0000000000
2334 53.0000000000
2943 55.0000000000
3043 56.0000000000
3298 59.0000000000
3357 62.0000000000
3828 63.0000000000
3976 65.0000000000
4138 67.0000000000
4162 68.0000000000
4784 70.0000000000
5112 72.0000000000
5510 74.0000000000
5673 76.0000000000
5971 78.0000000000
6133 81.0000000000
6828 84.0000000000
7154 89.0000000000
7535 90.0000000000
7900 92.0000000000
7938 95.0000000000
8349 97.0000000000
8397 98.0000000000
8665 100.0000000000
evaluations raw_y
1 0.0000000000
2 1.0000000000
17 4.0000000000
296 5.0000000000
486 6.0000000000
550 7.0000000000
689 8.0000000000
944 11.0000000000
957 13.0000000000
1014 15.0000000000
1144 18.0000000000
1183 19.0000000000
1361 21.0000000000
1516 24.0000000000
1585 25.0000000000
2028 27.0000000000
2148 28.0000000000
2167 29.0000000000
2418 32.0000000000
2544 33.0000000000
2559 35.0000000000
2582 38.0000000000
2733 40.0000000000
3052 41.0000000000
3079 42.0000000000
3099 43.0000000000
3221 46.0000000000
3301 48.0000000000
3349 49.0000000000
3357 51.0000000000
3394 54.0000000000
3522 56.0000000000
3558 58.0000000000
3630 61.0000000000
3777 62.0000000000
4040 63.0000000000
4125 65.0000000000
4172 66.0000000000
4246 71.0000000000
4405 75.0000000000
4768 76.0000000000
5266 78.0000000000
5302 81.0000000000
5505 82.0000000000
5798 87.0000000000
5815 89.0000000000
6148 91.0000000000
6186 100.0000000000
evaluations raw_y
1 0.0000000000
4 2.0000000000
7 5.0000000000
21 7.0000000000
159 10.0000000000
340 16.0000000000
457 17.0000000000
468 18.0000000000
497 19.0000000000
614 20.0000000000
730 21.0000000000
896 22.0000000000
955 23.0000000000
1084 25.0000000000
1117 26.0000000000
1326 29.0000000000
1449 34.0000000000
1531 35.0000000000
1543 37.0000000000
1773 39.0000000000
1992 43.0000000000
2149 44.0000000000
2491 49.0000000000
2619 52.0000000000
2629 53.0000000000
2688 54.0000000000
3113 55.0000000000
3543 57.0000000000
3587 58.0000000000
3599 59.0000000000
3680 60.0000000000
3864 62.0000000000
3878 64.0000000000
4066 68.0000000000
4504 69.0000000000
4537 70.0000000000
4782 72.0000000000
4844 75.0000000000
4846 76.0000000000
4887 77.0000000000
5439 78.0000000000
5915 79.0000000000
5961 80.0000000000
6082 84.0000000000
6396 87.0000000000
6848 88.0000000000
7661 89.0000000000
8015 90.0000000000
8451 93.0000000000
8525 98.0000000000
8655 100.0000000000
evaluations raw_y
1 1.0000000000
3 4.0000000000
13 6.0000000000
15 7.0000000000
323 8.0000000000
423 9.0000000000
449 10.0000000000
573 11.0000000000
762 15.0000000000
829 16.0000000000
868 18.0000000000
901 20.0000000000
960 23.0000000000
967 24.0000000000
1085 26.0000000000
1126 30.0000000000
1663 31.0000000000
1686 32.0000000000
1847 39.0000000000
1909 41.0000000000
2003 45.0000000000
2119 46.0000000000
2443 47.0000000000
2885 49.0000000000
3065 51.0000000000
3100 52.0000000000
3210 53.0000000000
3257 54.0000000000
3506 58.0000000000
3602 59.0000000000
3817 61.0000000000
4232 62.0000000000
4347 63.0000000000
4394 67.0000000000
4404 68.0000000000
4580 73.0000000000
5014 74.0000000000
5191 76.0000000000
5339 77.0000000000
5435 78.0000000000
5473 82.0000000000
5881 83.0000000000
6080 84.0000000000
6316 85.0000000000
6530 88.0000000000
6970 92.0000000000
6987 93.0000000000
7306 95.0000000000
7790 96.0000000000
7845 97.0000000000
8002 100.0000000000
evaluations raw_y
1 0.0000000000
2 2.0000000000
13 5.0000000000
58 6.0000000000
144 10.0000000000
353 12.0000000000
377 15.0000000000
474 16.0000000000
670 21.0000000000
684 24.0000000000
995 25.0000000000
1045 28.0000000000
1088 29.0000000000
1151 31.0000000000
1170 33.0000000000
1233 34.0000000000
1540 38.0000000000
1818 39.0000000000
1889 42.0000000000
1915 43.0000000000
1975 44.0000000000
2073 46.0000000000
2115 47.0000000000
2148 49.0000000000
2195 51.0000000000
2515 52.0000000000
2602 53.0000000000
2617 54.0000000000
2760 55.0000000000
2799 56.0000000000
2966 58.0000000000
3749 59.0000000000
3795 61.0000000000
3832 62.0000000000
3901 64.0000000000
4564 65.0000000000
4776 66.0000000000
5055 68.0000000000
5171 71.0000000000
5232 72.0000000000
5340 73.0000000000
5443 74.0000000000
6068 78.0000000000
6398 80.0000000000
6472 81.0000000000
6590 83.0000000000
7497 86.0000000000
7664 87.0000000000
8274 89.0000000000
8844 90.0000000000
8919 91.0000000000
9230 92.0000000000
9334 93.0000000000
9839 95.0000000000
10039 96.0000000000
10042 97.0000000000
10127 98.0000000000
10191 99.0000000000
10441 100.0000000000
evaluations raw_y
1 3.0000000000
4 4.0000000000
11 5.0000000000
31 7.0000000000
106 8.0000000000
270 9.0000000000
557 13.0000000000
659 14.0000000000
916 17.0000000000
985 20.0000000000
1055 21.0000000000
1134 26.0000000000
1177 27.0000000000
1244 29.0000000000
1286 30.0000000000
1521 31.0000000000
1877 33.0000000000
2110 35.0000000000
2122 37.0000000000
2250 38.0000000000
2676 39.0000000000
2715 42.0000000000
2890 47.0000000000
3370 48.0000000000
3425 51.0000000000
3469 57.0000000000
3514 59.0000000000
3623 64.0000000000
3767 66.0000000000
3818 67.0000000000
3995 71.0000000000
4075 73.0000000000
4100 75.0000000000
4202 79.0000000000
4259 81.0000000000
4458 83.0000000000
4470 91.0000000000
5321 95.0000000000
5713 96.0000000000
6682 100.0000000000
