evaluations raw_y
1 2366.0000000000
2 2404.0000000000
4 2473.0000000000
5 2823.0000000000
10 2910.0000000000
24 3166.0000000000
74 3215.0000000000
222 3227.0000000000
290 3241.0000000000
309 3481.0000000000
550 3518.0000000000
554 3647.0000000000
780 3675.0000000000
814 3769.0000000000
849 3822.0000000000
1203 3914.0000000000
1357 3918.0000000000
1609 4000.0000000000
1659 4079.0000000000
1699 4167.0000000000
1844 4316.0000000000
2298 4368.0000000000
2441 4390.0000000000
2505 4399.0000000000
2512 4441.0000000000
2520 4472.0000000000
2625 4556.0000000000
2665 4581.0000000000
2947 4588.0000000000
2962 4645.0000000000
3336 4651.0000000000
3415 4707.0000000000
3513 4781.0000000000
3741 4832.0000000000
3990 4863.0000000000
4447 4871.0000000000
4493 4877.0000000000
4555 4904.0000000000
4685 4908.0000000000
4868 4923.0000000000
4921 4928.0000000000
5161 4933.0000000000
5206 4959.0000000000
5457 4963.0000000000
5682 4977.0000000000
5742 4984.0000000000
5791 4990.0000000000
6246 4996.0000000000
6348 5003.0000000000
6377 5004.0000000000
6449 5012.0000000000
6781 5015.0000000000
6973 5016.0000000000
6974 5023.0000000000
7070 5025.0000000000
7217 5028.0000000000
7558 5034.0000000000
7857 5038.0000000000
7966 5040.0000000000
8127 5041.0000000000
9320 5050.0000000000
evaluations raw_y
1 2268.0000000000
2 2633.0000000000
4 2723.0000000000
13 2852.0000000000
14 2901.0000000000
36 3092.0000000000
52 3196.0000000000
83 3328.0000000000
187 3354.0000000000
355 3359.0000000000
365 3381.0000000000
374 3382.0000000000
430 3632.0000000000
592 3756.0000000000
920 3816.0000000000
983 3817.0000000000
992 3834.0000000000
996 3886.0000000000
1110 3971.0000000000
1126 3996.0000000000
1415 4091.0000000000
1698 4202.0000000000
1803 4260.0000000000
2069 4278.0000000000
2241 4286.0000000000
2264 4351.0000000000
2443 4397.0000000000
2445 4398.0000000000
2574 4471.0000000000
2610 4531.0000000000
2962 4628.0000000000
3233 4673.0000000000
3385 4678.0000000000
3524 4683.0000000000
3529 4711.0000000000
3613 4803.0000000000
3785 4814.0000000000
4000 4821.0000000000
4117 4822.0000000000
4194 4859.0000000000
4619 4863.0000000000
4712 4869.0000000000
4714 4881.0000000000
4930 4934.0000000000
5413 4950.0000000000
5511 4952.0000000000
5656 4954.0000000000
5747 4957.0000000000
5878 4970.0000000000
6008 4972.0000000000
6032 4975.0000000000
6183 4977.0000000000
6328 4999.0000000000
6723 5004.0000000000
6846 5009.0000000000
6885 5011.0000000000
6980 5012.0000000000
7166 5016.0000000000
7250 5017.0000000000
7569 5018.0000000000
7654 5031.0000000000
7823 5035.0000000000
7880 5036.0000000000
8860 5042.0000000000
9284 5050.0000000000
evaluations raw_y
1 2257.0000000000
2 2661.0000000000
6 3095.0000000000
110 3276.0000000000
367 3367.0000000000
421 3400.0000000000
427 3413.0000000000
592 3702.0000000000
796 3754.0000000000
1055 3775.0000000000
1064 3803.0000000000
1162 3882.0000000000
1281 3989.0000000000
1295 3998.0000000000
1561 4043.0000000000
1588 4464.0000000000
1935 4466.0000000000
2155 4501.0000000000
2535 4649.0000000000
2845 4672.0000000000
3071 4761.0000000000
3150 4826.0000000000
3534 4833.0000000000
3725 4861.0000000000
3848 4887.0000000000
3897 4888.0000000000
3981 4937.0000000000
4487 4941.0000000000
4841 4952.0000000000
4877 4962.0000000000
5144 4973.0000000000
5203 4986.0000000000
5389 4991.0000000000
5885 5020.0000000000
6501 5023.0000000000
6569 5024.0000000000
6719 5028.0000000000
6775 5034.0000000000
6904 5039.0000000000
7186 5043.0000000000
7799 5045.0000000000
7889 5049.0000000000
8333 5050.0000000000
evaluations raw_y
1 2663.0000000000
4 2791.0000000000
18 3047.0000000000
20 3096.0000000000
46 3143.0000000000
134 3154.0000000000
190 3260.0000000000
208 3281.0000000000
276 3433.0000000000
353 3464.0000000000
414 3487.0000000000
470 3499.0000000000
561 3558.0000000000
618 3600.0000000000
698 3622.0000000000
793 3661.0000000000
807 3784.0000000000
1025 3821.0000000000
1319 3889.0000000000
1366 3947.0000000000
1411 4005.0000000000
1481 4123.0000000000
1540 4194.0000000000
2001 4237.0000000000
2127 4239.0000000000
2138 4250.0000000000
2181 4441.0000000000
2316 4563.0000000000
2744 4585.0000000000
2890 4675.0000000000
2980 4698.0000000000
3010 4703.0000000000
3051 4706.0000000000
3095 4752.0000000000
3155 4763.0000000000
3224 4843.0000000000
3563 4903.0000000000
3847 4904.0000000000
4118 4963.0000000000
4459 4975.0000000000
4763 4994.0000000000
5041 5009.0000000000
5450 5023.0000000000
5926 5028.0000000000
6542 5033.0000000000
6739 5034.0000000000
7135 5047.0000000000
7900 5049.0000000000
8038 5050.0000000000
evaluations raw_y
1 2308.0000000000
4 2327.0000000000
5 2614.0000000000
6 2838.0000000000
11 2958.0000000000
29 3095.0000000000
70 3200.0000000000
123 3357.0000000000
260 3378.0000000000
416 3546.0000000000
474 3614.0000000000
799 3670.0000000000
963 3716.0000000000
989 3857.0000000000
1118 3937.0000000000
1248 4012.0000000000
1287 4068.0000000000
1596 4070.0000000000
1647 4128.0000000000
1689 4354.0000000000
1973 4370.0000000000
2016 4443.0000000000
2237 4518.0000000000
2508 4597.0000000000
2625 4600.0000000000
2852 4607.0000000000
2914 4630.0000000000
2957 4699.0000000000
3215 4741.0000000000
3305 4792.0000000000
3562 4935.0000000000
4236 4938.0000000000
4298 4964.0000000000
4464 4966.0000000000
4635 4973.0000000000
4694 4976.0000000000
4703 4981.0000000000
4716 4983.0000000000
4802 4990.0000000000
4824 5008.0000000000
5236 5012.0000000000
5270 5014.0000000000
5377 5025.0000000000
5490 5032.0000000000
5730 5039.0000000000
5885 5040.0000000000
6515 5045.0000000000
6697 5046.0000000000
6731 5047.0000000000
7701 5050.0000000000
evaluations raw_y
1 2808.0000000000
3 2906.0000000000
27 3027.0000000000
44 3231.0000000000
69 3319.0000000000
144 3351.0000000000
238 3550.0000000000
506 3696.0000000000
672 3835.0000000000
798 3849.0000000000
921 3893.0000000000
948 4067.0000000000
1333 4303.0000000000
1874 4333.0000000000
1877 4404.0000000000
2059 4445.0000000000
2410 4499.0000000000
2587 4541.0000000000
2748 4542.0000000000
2771 4589.0000000000
2889 4612.0000000000
2900 4674.0000000000
2950 4686.0000000000
3208 4687.0000000000
3236 4696.0000000000
3342 4726.0000000000
3420 4778.0000000000
3583 4788.0000000000
3772 4795.0000000000
3785 4803.0000000000
3966 4809.0000000000
3977 4838.0000000000
4012 4873.0000000000
4337 4885.0000000000
4458 4889.0000000000
4477 4902.0000000000
4711 4916.0000000000
4927 4927.0000000000
5019 4941.0000000000
5224 4947.0000000000
5286 4964.0000000000
5460 4974.0000000000
5823 5020.0000000000
6176 5022.0000000000
6258 5024.0000000000
6296 5031.0000000000
6757 5033.0000000000
6877 5035.0000000000
7197 5046.0000000000
7487 5047.0000000000
7828 5050.0000000000
evaluations raw_y
1 2400.0000000000
2 2877.0000000000
24 3119.0000000000
54 3177.0000000000
59 3225.0000000000
69 3377.0000000000
213 3518.0000000000
502 3666.0000000000
949 3777.0000000000
984 3779.0000000000
986 3833.0000000000
1096 3859.0000000000
1203 3917.0000000000
1248 3945.0000000000
1437 4028.0000000000
1568 4056.0000000000
1834 4071.0000000000
1845 4161.0000000000
1964 4179.0000000000
2049 4343.0000000000
2112 4384.0000000000
2426 4427.0000000000
2461 4488.0000000000
2794 4494.0000000000
2837 4518.0000000000
2910 4585.0000000000
3069 4605.0000000000
3257 4718.0000000000
3679 4738.0000000000
3807 4745.0000000000
3824 4772.0000000000
3941 4794.0000000000
4081 4801.0000000000
4303 4805.0000000000
4307 4825.0000000000
4346 4860.0000000000
4572 4894.0000000000
4769 4917.0000000000
4923 4924.0000000000
4974 4934.0000000000
5198 4939.0000000000
5310 4944.0000000000
5327 4959.0000000000
5706 4963.0000000000
5892 4976.0000000000
6055 4994.0000000000
6170 5011.0000000000
6308 5018.0000000000
6415 5026.0000000000
6884 5027.0000000000
7033 5035.0000000000
7048 5036.0000000000
7804 5038.0000000000
7823 5044.0000000000
7912 5048.0000000000
9159 5049.0000000000
9191 5050.0000000000
evaluations raw_y
1 2842.0000000000
8 2846.0000000000
16 2890.0000000000
18 3621.0000000000
357 3656.0000000000
748 3801.0000000000
1051 3911.0000000000
1258 3953.0000000000
1424 4076.0000000000
1471 4145.0000000000
1710 4242.0000000000
1960 4299.0000000000
2253 4393.0000000000
2313 4440.0000000000
2511 4453.0000000000
2546 4487.0000000000
2713 4508.0000000000
2910 4563.0000000000
2943 4618.0000000000
3104 4627.0000000000
3233 4631.0000000000
3421 4691.0000000000
3455 4756.0000000000
3767 4793.0000000000
3793 4838.0000000000
4012 4853.0000000000
4222 4873.0000000000
4293 4877.0000000000
4461 4923.0000000000
4796 4948.0000000000
5061 4964.0000000000
5384 4969.0000000000
5560 4974.0000000000
5667 4978.0000000000
5752 4979.0000000000
5902 4982.0000000000
5946 5000.0000000000
6411 5006.0000000000
6472 5012.0000000000
7326 5014.0000000000
7425 5023.0000000000
7631 5027.0000000000
7697 5028.0000000000
8226 5036.0000000000
8347 5037.0000000000
8761 5040.0000000000
8828 5041.0000000000
8876 5050.0000000000
evaluations raw_y
1 2829.0000000000
24 3140.0000000000
30 3229.0000000000
105 3282.0000000000
152 3432.0000000000
372 3522.0000000000
408 3583.0000000000
591 3744.0000000000
984 3802.0000000000
1012 3803.0000000000
1132 4074.0000000000
1369 4119.0000000000
1601 4120.0000000000
1729 4199.0000000000
1837 4326.0000000000
1882 4352.0000000000
2109 4363.0000000000
2440 4472.0000000000
2626 4525.0000000000
2760 4753.0000000000
3041 4769.0000000000
3625 4788.0000000000
3808 4816.0000000000
3899 4819.0000000000
3974 4892.0000000000
4177 4896.0000000000
4361 4926.0000000000
4538 4960.0000000000
4990 4977.0000000000
5338 4980.0000000000
5585 4990.0000000000
5862 4993.0000000000
5902 5025.0000000000
6292 5027.0000000000
7154 5031.0000000000
7501 5039.0000000000
7634 5043.0000000000
8118 5044.0000000000
8436 5050.0000000000
evaluations raw_y
1 2553.0000000000
4 2593.0000000000
5 2689.0000000000
8 2748.0000000000
13 2841.0000000000
17 2846.0000000000
20 3008.0000000000
21 3047.0000000000
51 3111.0000000000
114 3249.0000000000
133 3612.0000000000
597 3903.0000000000
1071 3982.0000000000
1191 4009.0000000000
1251 4059.0000000000
1393 4106.0000000000
1413 4112.0000000000
1594 4122.0000000000
1690 4166.0000000000
1872 4221.0000000000
1899 4233.0000000000
1908 4239.0000000000
2051 4368.0000000000
2122 4412.0000000000
2342 4421.0000000000
2567 4507.0000000000
2650 4520.0000000000
2694 4561.0000000000
2785 4565.0000000000
2993 4571.0000000000
3025 4601.0000000000
3148 4681.0000000000
3272 4682.0000000000
3600 4690.0000000000
3641 4714.0000000000
3786 4774.0000000000
3907 4791.0000000000
4147 4828.0000000000
4177 4852.0000000000
4414 4857.0000000000
4650 4898.0000000000
5123 4903.0000000000
5284 4951.0000000000
5385 4957.0000000000
5609 4958.0000000000
5891 4975.0000000000
6042 4987.0000000000
6048 4992.0000000000
6461 4997.0000000000
6523 5019.0000000000
6679 5023.0000000000
6797 5031.0000000000
6881 5032.0000000000
6889 5040.0000000000
7009 5045.0000000000
7853 5048.0000000000
8072 5050.0000000000
