evaluations raw_y
1 1.0000000000
3 4.0000000000
26 9.0000000000
478 10.0000000000
579 12.0000000000
1211 16.0000000000
1439 19.0000000000
1712 21.0000000000
2415 23.0000000000
2850 24.0000000000
3144 26.0000000000
3627 31.0000000000
3657 33.0000000000
4812 34.0000000000
5589 35.0000000000
6110 36.0000000000
6608 37.0000000000
7190 38.0000000000
7468 41.0000000000
8740 42.0000000000
9650 46.0000000000
9837 48.0000000000
9863 50.0000000000
10454 51.0000000000
11535 52.0000000000
12681 53.0000000000
12856 54.0000000000
13803 55.0000000000
15352 58.0000000000
15801 59.0000000000
16583 60.0000000000
17115 62.0000000000
18192 63.0000000000
20288 64.0000000000
21650 65.0000000000
22518 66.0000000000
24426 67.0000000000
25177 68.0000000000
26081 69.0000000000
26627 70.0000000000
27978 72.0000000000
28742 77.0000000000
29881 79.0000000000
31546 80.0000000000
33083 82.0000000000
33802 85.0000000000
34776 86.0000000000
35807 89.0000000000
36134 90.0000000000
36852 91.0000000000
39242 93.0000000000
40051 94.0000000000
40456 98.0000000000
41031 100.0000000000
evaluations raw_y
1 0.0000000000
3 4.0000000000
48 5.0000000000
171 7.0000000000
244 10.0000000000
306 12.0000000000
653 14.0000000000
1091 18.0000000000
2056 20.0000000000
2361 22.0000000000
2418 23.0000000000
2791 25.0000000000
3026 26.0000000000
3690 27.0000000000
4154 28.0000000000
4508 29.0000000000
6042 31.0000000000
6725 32.0000000000
6798 33.0000000000
7103 35.0000000000
8666 37.0000000000
9375 39.0000000000
10676 44.0000000000
11014 46.0000000000
12176 47.0000000000
13763 50.0000000000
14216 51.0000000000
14440 54.0000000000
15485 65.0000000000
16370 66.0000000000
17010 67.0000000000
17658 68.0000000000
18790 69.0000000000
19553 70.0000000000
19931 71.0000000000
20344 73.0000000000
21602 76.0000000000
22180 78.0000000000
23000 79.0000000000
24381 83.0000000000
25038 86.0000000000
26149 87.0000000000
27590 88.0000000000
28381 94.0000000000
28607 96.0000000000
30482 97.0000000000
31062 99.0000000000
31749 100.0000000000
evaluations raw_y
1 0.0000000000
7 1.0000000000
9 2.0000000000
13 3.0000000000
31 4.0000000000
36 5.0000000000
81 6.0000000000
206 9.0000000000
341 10.0000000000
477 11.0000000000
917 13.0000000000
1157 14.0000000000
1328 18.0000000000
1571 25.0000000000
2496 26.0000000000
3444 30.0000000000
3618 31.0000000000
5182 35.0000000000
5392 36.0000000000
5677 41.0000000000
6026 46.0000000000
6195 48.0000000000
7343 51.0000000000
8462 52.0000000000
9270 54.0000000000
9968 58.0000000000
10740 59.0000000000
11335 61.0000000000
12353 62.0000000000
12685 63.0000000000
13069 65.0000000000
13871 68.0000000000
14351 70.0000000000
15323 72.0000000000
15852 74.0000000000
16164 75.0000000000
17242 81.0000000000
17593 82.0000000000
18492 83.0000000000
20384 84.0000000000
20664 86.0000000000
21216 87.0000000000
22606 90.0000000000
23396 92.0000000000
24805 95.0000000000
25599 96.0000000000
25956 97.0000000000
27240 98.0000000000
27422 99.0000000000
28341 100.0000000000
evaluations raw_y
1 1.0000000000
2 2.0000000000
4 4.0000000000
22 7.0000000000
200 8.0000000000
436 10.0000000000
710 11.0000000000
1152 12.0000000000
1342 14.0000000000
1531 17.0000000000
1801 22.0000000000
2462 23.0000000000
2651 27.0000000000
3222 28.0000000000
3754 37.0000000000
3866 39.0000000000
4183 40.0000000000
4227 42.0000000000
4701 43.0000000000
5550 46.0000000000
6100 49.0000000000
6305 53.0000000000
7041 56.0000000000
7309 57.0000000000
7553 60.0000000000
9095 63.0000000000
9940 64.0000000000
10460 66.0000000000
10909 68.0000000000
10946 72.0000000000
11769 77.0000000000
12949 81.0000000000
13955 83.0000000000
15130 85.0000000000
15884 88.0000000000
16507 90.0000000000
18129 91.0000000000
18738 93.0000000000
18866 95.0000000000
18912 96.0000000000
20170 98.0000000000
22135 100.0000000000
evaluations raw_y
1 1.0000000000
10 2.0000000000
20 4.0000000000
33 6.0000000000
60 8.0000000000
88 10.0000000000
261 12.0000000000
452 14.0000000000
1144 20.0000000000
1817 23.0000000000
2070 25.0000000000
2680 26.0000000000
3129 30.0000000000
3835 31.0000000000
4320 32.0000000000
4423 35.0000000000
5014 41.0000000000
5185 42.0000000000
5997 43.0000000000
6517 44.0000000000
7429 45.0000000000
8101 46.0000000000
8283 48.0000000000
8395 50.0000000000
9790 53.0000000000
10594 54.0000000000
11376 55.0000000000
12150 56.0000000000
13047 57.0000000000
14018 58.0000000000
14530 62.0000000000
15811 68.0000000000
16205 69.0000000000
17369 73.0000000000
17552 74.0000000000
19229 75.0000000000
19768 76.0000000000
20941 77.0000000000
21243 79.0000000000
22579 80.0000000000
25231 85.0000000000
25836 86.0000000000
26762 88.0000000000
27393 89.0000000000
28131 93.0000000000
28515 94.0000000000
29713 95.0000000000
30105 97.0000000000
31779 100.0000000000
evaluations raw_y
1 1.0000000000
9 2.0000000000
12 3.0000000000
16 5.0000000000
24 7.0000000000
133 8.0000000000
249 12.0000000000
680 13.0000000000
697 15.0000000000
954 16.0000000000
1101 17.0000000000
1681 18.0000000000
1776 19.0000000000
1805 21.0000000000
2398 22.0000000000
2441 24.0000000000
3036 25.0000000000
3254 27.0000000000
3879 29.0000000000
4525 30.0000000000
4894 31.0000000000
5022 34.0000000000
5136 35.0000000000
6162 38.0000000000
6518 39.0000000000
7737 45.0000000000
8129 47.0000000000
8999 48.0000000000
9281 49.0000000000
10088 51.0000000000
10517 52.0000000000
11196 53.0000000000
11951 54.0000000000
12502 55.0000000000
13102 56.0000000000
13418 58.0000000000
15148 59.0000000000
15264 62.0000000000
15331 63.0000000000
16393 67.0000000000
17061 68.0000000000
17182 71.0000000000
18214 72.0000000000
18408 73.0000000000
18929 74.0000000000
20784 76.0000000000
21279 77.0000000000
22025 82.0000000000
22660 83.0000000000
22823 84.0000000000
23594 87.0000000000
25709 88.0000000000
26414 89.0000000000
27679 95.0000000000
29277 98.0000000000
30071 100.0000000000
evaluations raw_y
1 1.0000000000
6 2.0000000000
7 9.0000000000
318 11.0000000000
373 13.0000000000
879 17.0000000000
1472 21.0000000000
2434 23.0000000000
2508 25.0000000000
3111 26.0000000000
3386 27.0000000000
3952 31.0000000000
5466 33.0000000000
6478 36.0000000000
7046 38.0000000000
8077 39.0000000000
8937 40.0000000000
10217 41.0000000000
10986 44.0000000000
11548 45.0000000000
11863 47.0000000000
12613 48.0000000000
12656 49.0000000000
13259 50.0000000000
14289 51.0000000000
15017 52.0000000000
15491 54.0000000000
16272 57.0000000000
17129 58.0000000000
17512 62.0000000000
18997 63.0000000000
20039 65.0000000000
20616 66.0000000000
21124 68.0000000000
22782 72.0000000000
23371 73.0000000000
23717 76.0000000000
24659 78.0000000000
24713 83.0000000000
25953 84.0000000000
27682 86.0000000000
28235 87.0000000000
28720 89.0000000000
28908 92.0000000000
30194 93.0000000000
31257 94.0000000000
32519 95.0000000000
33425 96.0000000000
34061 98.0000000000
35009 99.0000000000
36552 100.0000000000
evaluations raw_y
1 1.0000000000
2 2.0000000000
11 4.0000000000
17 7.0000000000
344 8.0000000000
443 11.0000000000
665 14.0000000000
1051 15.0000000000
1245 18.0000000000
1680 19.0000000000
1762 21.0000000000
2320 23.0000000000
2515 24.0000000000
2668 25.0000000000
2679 26.0000000000
2737 27.0000000000
3133 30.0000000000
4402 33.0000000000
4417 35.0000000000
4542 38.0000000000
5498 42.0000000000
5797 47.0000000000
5929 48.0000000000
5989 49.0000000000
7409 56.0000000000
8218 61.0000000000
9303 62.0000000000
9792 64.0000000000
10254 65.0000000000
11894 66.0000000000
12611 69.0000000000
12911 71.0000000000
14065 78.0000000000
14335 81.0000000000
14539 82.0000000000
15492 84.0000000000
16937 85.0000000000
17204 86.0000000000
18245 87.0000000000
18552 92.0000000000
18792 94.0000000000
19869 98.0000000000
21554 100.0000000000
evaluations raw_y
1 0.0000000000
2 2.0000000000
6 6.0000000000
72 7.0000000000
149 10.0000000000
482 12.0000000000
674 13.0000000000
712 14.0000000000
949 21.0000000000
1432 22.0000000000
2291 24.0000000000
2468 25.0000000000
2804 26.0000000000
2882 27.0000000000
3628 30.0000000000
3917 31.0000000000
4163 35.0000000000
4936 37.0000000000
5381 38.0000000000
6319 45.0000000000
6568 49.0000000000
8094 51.0000000000
9035 54.0000000000
9581 55.0000000000
9841 57.0000000000
10543 58.0000000000
10774 59.0000000000
10776 60.0000000000
12924 63.0000000000
13354 65.0000000000
13917 66.0000000000
15317 68.0000000000
16745 69.0000000000
17650 73.0000000000
19045 79.0000000000
19208 82.0000000000
20408 86.0000000000
21294 88.0000000000
22187 89.0000000000
22769 91.0000000000
23196 92.0000000000
24674 97.0000000000
25371 100.0000000000
evaluations raw_y
1 0.0000000000
2 1.0000000000
8 2.0000000000
10 3.0000000000
12 4.0000000000
17 5.0000000000
175 7.0000000000
191 11.0000000000
444 13.0000000000
761 15.0000000000
870 17.0000000000
1433 19.0000000000
2159 20.0000000000
2235 21.0000000000
2412 27.0000000000
2696 28.0000000000
2976 29.0000000000
3096 30.0000000000
3534 31.0000000000
3957 34.0000000000
4404 36.0000000000
5292 39.0000000000
5488 40.0000000000
6173 42.0000000000
7006 45.0000000000
8437 46.0000000000
9221 48.0000000000
9551 51.0000000000
10635 53.0000000000
11117 56.0000000000
12337 57.0000000000
12526 58.0000000000
13417 59.0000000000
13476 60.0000000000
13826 63.0000000000
15225 64.0000000000
16109 66.0000000000
17168 72.0000000000
17754 76.0000000000
18475 78.0000000000
19577 80.0000000000
20683 81.0000000000
20839 83.0000000000
21849 90.0000000000
22843 93.0000000000
22946 94.0000000000
24747 95.0000000000
25271 99.0000000000
26173 100.0000000000
