evaluations raw_y
1 0.9924573243
2 1.0258514567
5 1.0283833813
6 1.0292301359
9 1.0351966874
10 1.1644154634
13 1.1720581341
16 1.2787723785
18 1.3178703216
25 1.4052838673
26 1.5422578655
31 1.7642907551
33 1.8782870023
36 1.9762845850
44 1.9920318725
48 2.0275750203
51 2.0374898126
57 2.0885547201
70 2.1720243267
72 2.1987686895
113 2.2502250225
191 2.2665457842
214 2.2706630336
228 2.3169601483
229 2.3651844844
265 2.4342745862
284 2.4975024975
329 2.5025025025
343 2.5906735751
450 2.7442371021
492 2.7746947836
556 2.8058361392
571 2.8901734104
622 2.9239766082
635 2.9308323564
772 3.0229746070
808 3.1847133758
818 3.4965034965
100000 2.4061597690
evaluations raw_y
1 1.2774655084
3 1.3248542660
8 1.3912075682
10 1.6223231668
16 1.7618040874
19 1.8587360595
53 2.0441537204
54 2.2872827081
64 2.3696682464
69 2.6680896478
87 2.9103608847
91 2.9515938607
95 3.2341526520
129 3.2594524120
296 3.3557046980
488 3.3829499323
15007 3.4674063800
15020 3.8167938931
15071 3.9745627981
15124 4.0650406504
16370 4.1597337770
16450 4.2589437819
100000 4.2589437819
evaluations raw_y
1 0.6942515968
2 0.7206687806
5 0.7624275694
8 0.8380824673
10 0.8874689386
16 0.9604302728
23 1.0921799913
27 1.1125945705
29 1.2153621779
38 1.3068478829
40 1.4326647564
42 1.5441630636
46 1.5654351910
49 1.5792798484
51 1.6611295681
70 1.7618040874
72 1.8050541516
83 1.9546520719
103 2.1607605877
152 2.1949078139
161 2.2956841139
173 2.3169601483
174 2.3923444976
186 2.5278058645
188 2.6399155227
197 2.6795284030
233 2.6968716289
249 2.8121484814
360 2.9103608847
367 3.0376670717
524 3.0902348578
535 3.1289111389
567 3.6496350365
571 3.9872408293
616 4.1597337770
631 4.3177892919
734 4.4883303411
806 4.5372050817
100000 4.5372050817
evaluations raw_y
1 1.1876484561
3 1.5365703749
11 1.7421602787
15 1.7593244194
21 1.8422991894
24 1.9794140934
28 2.0441537204
68 2.1607605877
70 2.1872265967
79 2.2542831380
80 2.4826216485
85 2.5693730730
137 2.6068821689
210 2.8184892897
259 2.9103608847
342 3.0525030525
480 3.2010243278
586 3.3288948069
842 3.6390101892
884 3.6710719530
891 3.7481259370
986 3.8520801233
1112 4.0387722132
1393 4.1876046901
4388 4.2158516020
100000 3.4199726402
evaluations raw_y
1 0.8843296781
10 0.9067827349
13 0.9641342075
17 0.9708737864
20 0.9716284493
21 1.0258514567
22 1.1910433540
28 1.4697236919
37 1.4961101137
39 1.5384615385
54 1.5852885225
56 1.6329196604
57 1.7325017325
66 1.8754688672
72 1.8811136193
76 2.1570319241
79 2.1987686895
84 2.2104332449
92 2.2624434389
102 2.4533856722
114 2.6343519494
153 2.6968716289
189 2.7027027027
195 2.7322404372
202 2.8636884307
233 2.9377203290
247 3.2341526520
414 3.4578146611
416 3.4867503487
530 3.7257824143
855 3.9246467818
869 4.1186161450
1877 4.1322314050
100000 2.7685492802
evaluations raw_y
1 1.1831519167
2 1.2059816691
5 1.2468827930
6 1.2671059301
15 1.4068655037
16 1.6995241332
30 1.7445917655
34 1.8076644975
45 1.8839487566
51 1.9157088123
52 1.9364833462
62 1.9669551534
67 2.0275750203
69 2.1496130696
83 2.3518344309
131 2.4875621891
133 2.9655990510
176 3.0750307503
186 3.0978934325
193 3.2509752926
197 3.2765399738
211 3.4867503487
554 3.5971223022
642 3.7369207773
686 4.1186161450
859 4.1876046901
9097 4.2158516020
9660 4.3177892919
100000 3.9745627981
evaluations raw_y
1 1.0158472166
3 1.0508617066
4 1.1515430677
7 1.2632642749
9 1.3535462913
12 1.4526438117
17 1.5752993069
22 1.8155410312
40 1.8615040953
63 1.9638648861
66 2.1910604733
72 2.3084025854
129 2.3430178069
149 2.4015369837
153 2.4061597690
166 2.4201355276
210 2.4925224327
242 2.4975024975
249 2.5853154085
278 2.6178010471
297 2.7027027027
299 2.7563395810
344 3.3921302578
426 3.5360678925
520 3.5460992908
585 3.6818851252
588 3.7147102526
646 3.8639876352
759 3.9246467818
8346 4.0783034258
100000 4.0783034258
evaluations raw_y
1 0.8167265599
3 0.8280887711
11 0.9633911368
14 1.0660980810
16 1.1195700851
20 1.2581781580
24 1.3206550449
28 1.3535462913
29 1.3943112103
42 1.5142337977
43 1.5160703457
56 1.6523463318
59 1.8076644975
66 1.8315018315
85 1.9245573518
94 2.0016012810
99 2.0308692120
108 2.0341741253
110 2.0441537204
112 2.0542317173
138 2.0712510356
146 2.1026072330
154 2.1682567216
169 2.1872265967
171 2.2706630336
187 2.2831050228
193 2.3562676720
201 2.3607176582
233 2.4826216485
294 2.4975024975
298 2.6288117771
312 2.6910656620
320 2.9585798817
930 3.1133250311
974 3.3200531208
1322 3.3647375505
3172 3.3829499323
3389 3.3921302578
3649 3.7257824143
3711 3.8051750381
3779 3.8639876352
3890 3.8759689922
3983 3.9123630673
5032 4.1322314050
10767 4.1876046901
20217 4.2301184433
100000 4.2301184433
evaluations raw_y
1 0.8653513326
3 0.9002520706
4 0.9701202949
5 1.0199918401
6 1.0526315789
7 1.1600928074
10 1.2321340562
18 1.2382367509
26 1.2671059301
27 1.4611338399
28 1.7818959373
38 1.7844396859
65 1.9857029388
67 2.0408163265
86 2.0441537204
101 2.0678246485
104 2.2747952684
125 2.3696682464
142 2.5484199796
149 2.6399155227
165 2.7085590466
224 2.7144408252
226 2.7808676307
284 2.9239766082
290 2.9868578256
388 3.1133250311
535 3.1367628607
727 3.2092426187
1074 3.2341526520
1108 3.2594524120
1122 3.3921302578
1167 3.4013605442
23202 3.5561877667
100000 3.5561877667
evaluations raw_y
1 0.9885330170
4 1.0688328345
6 1.1775788978
7 1.1786892975
11 1.2285012285
15 1.3290802764
19 1.4359563469
21 1.6393442623
22 1.7717930546
50 2.0080321285
56 2.2956841139
113 2.3923444976
189 2.7322404372
205 2.9171528588
212 2.9239766082
243 3.0750307503
280 3.1766200762
329 3.1847133758
637 3.2258064516
706 3.3557046980
751 3.4199726402
854 3.5161744023
922 3.6075036075
979 3.6496350365
983 3.8639876352
1116 3.9745627981
52935 4.0257648953
100000 4.0257648953
