evaluations raw_y
1 2777.0000000000
2 2981.0000000000
12 3182.0000000000
13 3550.0000000000
22 3556.0000000000
27 3560.0000000000
29 3590.0000000000
36 3634.0000000000
38 3709.0000000000
49 3727.0000000000
51 3735.0000000000
56 3869.0000000000
65 3931.0000000000
72 3936.0000000000
73 3949.0000000000
83 3993.0000000000
98 4008.0000000000
99 4088.0000000000
106 4095.0000000000
109 4140.0000000000
123 4183.0000000000
128 4195.0000000000
134 4213.0000000000
141 4287.0000000000
142 4338.0000000000
147 4360.0000000000
153 4394.0000000000
176 4409.0000000000
178 4464.0000000000
206 4480.0000000000
212 4484.0000000000
225 4493.0000000000
234 4535.0000000000
296 4576.0000000000
305 4584.0000000000
312 4593.0000000000
326 4608.0000000000
330 4677.0000000000
381 4730.0000000000
389 4737.0000000000
401 4756.0000000000
402 4765.0000000000
407 4770.0000000000
434 4864.0000000000
479 4891.0000000000
491 4906.0000000000
554 4932.0000000000
614 4949.0000000000
620 4982.0000000000
672 4994.0000000000
674 5004.0000000000
972 5018.0000000000
1230 5050.0000000000
evaluations raw_y
1 2150.0000000000
2 2612.0000000000
4 2654.0000000000
5 2673.0000000000
6 2806.0000000000
12 2808.0000000000
22 2973.0000000000
24 3003.0000000000
27 3088.0000000000
29 3409.0000000000
42 3474.0000000000
54 3521.0000000000
59 3549.0000000000
65 3562.0000000000
75 3666.0000000000
85 3679.0000000000
86 3754.0000000000
88 3786.0000000000
107 3851.0000000000
113 3857.0000000000
115 3890.0000000000
126 3906.0000000000
130 3936.0000000000
131 3944.0000000000
142 3970.0000000000
146 4001.0000000000
152 4030.0000000000
158 4152.0000000000
185 4221.0000000000
202 4318.0000000000
226 4392.0000000000
250 4438.0000000000
256 4453.0000000000
264 4496.0000000000
308 4546.0000000000
329 4574.0000000000
342 4578.0000000000
352 4609.0000000000
385 4694.0000000000
397 4719.0000000000
440 4798.0000000000
502 4822.0000000000
511 4838.0000000000
597 4883.0000000000
605 4906.0000000000
607 4951.0000000000
646 4954.0000000000
648 4960.0000000000
701 4979.0000000000
766 5025.0000000000
849 5028.0000000000
972 5050.0000000000
evaluations raw_y
1 2853.0000000000
5 2944.0000000000
7 2978.0000000000
8 3076.0000000000
10 3186.0000000000
18 3325.0000000000
19 3367.0000000000
23 3413.0000000000
24 3554.0000000000
30 3759.0000000000
33 4014.0000000000
52 4015.0000000000
55 4042.0000000000
60 4082.0000000000
72 4105.0000000000
76 4109.0000000000
77 4139.0000000000
85 4199.0000000000
91 4224.0000000000
130 4301.0000000000
137 4314.0000000000
149 4332.0000000000
153 4359.0000000000
164 4432.0000000000
173 4436.0000000000
182 4473.0000000000
186 4475.0000000000
191 4508.0000000000
193 4545.0000000000
212 4584.0000000000
227 4596.0000000000
239 4600.0000000000
263 4639.0000000000
268 4661.0000000000
275 4667.0000000000
284 4700.0000000000
296 4728.0000000000
304 4778.0000000000
384 4789.0000000000
406 4801.0000000000
412 4813.0000000000
421 4822.0000000000
427 4830.0000000000
456 4871.0000000000
470 4924.0000000000
491 4953.0000000000
534 4957.0000000000
540 4996.0000000000
615 5017.0000000000
944 5020.0000000000
957 5031.0000000000
992 5050.0000000000
evaluations raw_y
1 2545.0000000000
4 2630.0000000000
7 2693.0000000000
9 2698.0000000000
11 2947.0000000000
18 3032.0000000000
19 3129.0000000000
21 3348.0000000000
25 3358.0000000000
28 3463.0000000000
32 3554.0000000000
36 3648.0000000000
44 3697.0000000000
46 3781.0000000000
53 3785.0000000000
64 3892.0000000000
73 3944.0000000000
80 3974.0000000000
87 4010.0000000000
100 4058.0000000000
102 4110.0000000000
108 4122.0000000000
128 4137.0000000000
137 4161.0000000000
142 4199.0000000000
171 4262.0000000000
175 4276.0000000000
204 4352.0000000000
213 4390.0000000000
230 4408.0000000000
240 4460.0000000000
248 4501.0000000000
282 4506.0000000000
299 4596.0000000000
330 4636.0000000000
355 4672.0000000000
356 4679.0000000000
366 4684.0000000000
368 4687.0000000000
374 4711.0000000000
442 4745.0000000000
448 4777.0000000000
476 4779.0000000000
490 4810.0000000000
494 4825.0000000000
496 4831.0000000000
500 4894.0000000000
509 4900.0000000000
548 4918.0000000000
576 4948.0000000000
594 4995.0000000000
614 5022.0000000000
648 5041.0000000000
1011 5043.0000000000
1079 5050.0000000000
evaluations raw_y
1 2390.0000000000
2 2538.0000000000
5 2917.0000000000
14 3079.0000000000
19 3615.0000000000
30 3696.0000000000
46 3735.0000000000
47 3751.0000000000
49 3763.0000000000
52 3769.0000000000
65 3777.0000000000
67 3866.0000000000
69 3961.0000000000
92 3992.0000000000
104 4055.0000000000
105 4074.0000000000
114 4075.0000000000
123 4124.0000000000
125 4146.0000000000
130 4149.0000000000
134 4162.0000000000
141 4178.0000000000
144 4218.0000000000
168 4303.0000000000
180 4342.0000000000
194 4353.0000000000
202 4415.0000000000
226 4425.0000000000
236 4476.0000000000
239 4494.0000000000
254 4502.0000000000
257 4524.0000000000
260 4542.0000000000
264 4562.0000000000
268 4581.0000000000
279 4597.0000000000
315 4615.0000000000
329 4674.0000000000
365 4723.0000000000
377 4738.0000000000
385 4762.0000000000
416 4829.0000000000
445 4885.0000000000
556 4906.0000000000
558 4922.0000000000
564 4925.0000000000
573 4946.0000000000
594 4981.0000000000
738 5001.0000000000
746 5019.0000000000
773 5036.0000000000
850 5049.0000000000
1235 5050.0000000000
evaluations raw_y
1 2431.0000000000
3 2699.0000000000
4 3061.0000000000
20 3146.0000000000
29 3390.0000000000
48 3411.0000000000
53 3441.0000000000
54 3526.0000000000
62 3559.0000000000
66 3560.0000000000
67 3570.0000000000
68 3577.0000000000
75 3682.0000000000
81 3832.0000000000
89 3868.0000000000
90 3885.0000000000
99 3890.0000000000
102 3899.0000000000
106 3920.0000000000
107 3972.0000000000
118 4074.0000000000
127 4098.0000000000
143 4132.0000000000
148 4148.0000000000
161 4182.0000000000
169 4250.0000000000
179 4268.0000000000
188 4291.0000000000
189 4312.0000000000
206 4334.0000000000
207 4335.0000000000
224 4389.0000000000
262 4395.0000000000
268 4399.0000000000
274 4472.0000000000
278 4514.0000000000
295 4518.0000000000
315 4591.0000000000
318 4600.0000000000
319 4636.0000000000
322 4640.0000000000
342 4653.0000000000
362 4675.0000000000
402 4727.0000000000
420 4762.0000000000
422 4837.0000000000
433 4889.0000000000
456 4924.0000000000
485 4939.0000000000
507 4978.0000000000
518 5024.0000000000
543 5033.0000000000
615 5044.0000000000
735 5050.0000000000
evaluations raw_y
1 2835.0000000000
7 2838.0000000000
8 2983.0000000000
10 3154.0000000000
20 3245.0000000000
25 3330.0000000000
29 3438.0000000000
34 3449.0000000000
38 3480.0000000000
43 3557.0000000000
52 3645.0000000000
68 3655.0000000000
69 3671.0000000000
75 3719.0000000000
78 3734.0000000000
90 3760.0000000000
91 3808.0000000000
95 3815.0000000000
103 3829.0000000000
114 3917.0000000000
124 3938.0000000000
131 3964.0000000000
139 4015.0000000000
158 4025.0000000000
166 4083.0000000000
189 4138.0000000000
202 4171.0000000000
208 4190.0000000000
216 4199.0000000000
217 4313.0000000000
239 4336.0000000000
244 4367.0000000000
264 4409.0000000000
272 4539.0000000000
300 4622.0000000000
303 4627.0000000000
318 4651.0000000000
334 4680.0000000000
352 4713.0000000000
379 4728.0000000000
414 4730.0000000000
445 4739.0000000000
448 4741.0000000000
477 4744.0000000000
479 4761.0000000000
507 4800.0000000000
529 4810.0000000000
556 4817.0000000000
580 4876.0000000000
634 4889.0000000000
767 4911.0000000000
773 4945.0000000000
854 4953.0000000000
957 5003.0000000000
1009 5012.0000000000
1322 5041.0000000000
1335 5050.0000000000
evaluations raw_y
1 2302.0000000000
2 2421.0000000000
3 2748.0000000000
11 2912.0000000000
25 3010.0000000000
30 3161.0000000000
40 3206.0000000000
46 3253.0000000000
52 3301.0000000000
60 3338.0000000000
63 3344.0000000000
72 3408.0000000000
85 3463.0000000000
88 3491.0000000000
94 3536.0000000000
100 3595.0000000000
102 3628.0000000000
106 3681.0000000000
116 3686.0000000000
129 3763.0000000000
132 3840.0000000000
136 3870.0000000000
147 3895.0000000000
161 3989.0000000000
183 4015.0000000000
195 4064.0000000000
200 4086.0000000000
204 4135.0000000000
221 4154.0000000000
233 4171.0000000000
234 4182.0000000000
237 4194.0000000000
238 4233.0000000000
258 4309.0000000000
264 4349.0000000000
272 4370.0000000000
277 4414.0000000000
280 4439.0000000000
288 4483.0000000000
291 4499.0000000000
301 4545.0000000000
302 4553.0000000000
338 4557.0000000000
342 4564.0000000000
344 4638.0000000000
379 4661.0000000000
385 4702.0000000000
444 4776.0000000000
460 4794.0000000000
491 4826.0000000000
507 4889.0000000000
513 4919.0000000000
520 4934.0000000000
535 4937.0000000000
550 4939.0000000000
552 4950.0000000000
554 4954.0000000000
579 4964.0000000000
607 4966.0000000000
685 5009.0000000000
689 5013.0000000000
735 5022.0000000000
1075 5039.0000000000
1087 5050.0000000000
evaluations raw_y
1 2733.0000000000
4 2885.0000000000
22 2952.0000000000
37 3047.0000000000
44 3174.0000000000
54 3187.0000000000
59 3267.0000000000
70 3296.0000000000
72 3320.0000000000
82 3321.0000000000
83 3539.0000000000
90 3670.0000000000
95 3695.0000000000
100 3767.0000000000
112 3846.0000000000
115 3953.0000000000
123 3956.0000000000
126 3963.0000000000
128 3996.0000000000
132 4017.0000000000
134 4193.0000000000
161 4200.0000000000
172 4202.0000000000
176 4299.0000000000
190 4338.0000000000
205 4351.0000000000
210 4356.0000000000
221 4364.0000000000
234 4382.0000000000
256 4386.0000000000
261 4468.0000000000
273 4480.0000000000
278 4516.0000000000
285 4528.0000000000
297 4566.0000000000
321 4610.0000000000
330 4663.0000000000
342 4669.0000000000
348 4684.0000000000
351 4740.0000000000
373 4748.0000000000
395 4754.0000000000
396 4845.0000000000
413 4861.0000000000
422 4865.0000000000
436 4870.0000000000
453 4879.0000000000
490 4892.0000000000
524 4968.0000000000
539 4984.0000000000
545 4990.0000000000
594 4991.0000000000
786 5007.0000000000
797 5012.0000000000
849 5023.0000000000
859 5027.0000000000
1028 5050.0000000000
evaluations raw_y
1 2531.0000000000
2 2632.0000000000
7 2779.0000000000
14 2856.0000000000
16 2903.0000000000
17 2912.0000000000
21 3080.0000000000
29 3298.0000000000
36 3381.0000000000
37 3452.0000000000
49 3597.0000000000
61 3648.0000000000
63 3752.0000000000
66 3777.0000000000
75 3825.0000000000
79 3828.0000000000
83 3830.0000000000
87 3890.0000000000
89 3895.0000000000
96 3931.0000000000
99 3988.0000000000
109 3995.0000000000
119 4010.0000000000
121 4064.0000000000
129 4071.0000000000
141 4134.0000000000
145 4159.0000000000
147 4231.0000000000
159 4234.0000000000
164 4316.0000000000
171 4332.0000000000
191 4349.0000000000
195 4376.0000000000
206 4440.0000000000
212 4457.0000000000
214 4458.0000000000
221 4496.0000000000
224 4528.0000000000
234 4546.0000000000
238 4558.0000000000
251 4635.0000000000
278 4670.0000000000
285 4718.0000000000
306 4739.0000000000
336 4765.0000000000
367 4788.0000000000
382 4805.0000000000
435 4835.0000000000
477 4840.0000000000
483 4893.0000000000
485 4906.0000000000
508 4908.0000000000
519 4958.0000000000
534 4962.0000000000
600 4986.0000000000
615 5004.0000000000
620 5035.0000000000
745 5041.0000000000
854 5042.0000000000
871 5050.0000000000
