evaluations raw_y
1 -0.5271022708
2 -0.5078041181
3 -0.5029200881
4 -0.4726119239
7 -0.4535744450
32 -0.4436334268
58 -0.4371127401
67 -0.4246748569
175 -0.4144227258
193 -0.4142890184
206 -0.3969880019
238 -0.3962936793
279 -0.3915377221
319 -0.3839399957
337 -0.3716365744
389 -0.3705549137
411 -0.3693477359
436 -0.3671846919
447 -0.3615905351
534 -0.3580084570
553 -0.3570434479
595 -0.3558534835
610 -0.3554648467
672 -0.3537539512
703 -0.3508095785
801 -0.3505580397
811 -0.3498043831
823 -0.3483535681
830 -0.3480934876
852 -0.3465316234
885 -0.3458069947
889 -0.3455305830
894 -0.3390748855
908 -0.3346159017
957 -0.3342465344
978 -0.3302419899
999 -0.3282049812
1048 -0.3278734071
1054 -0.3273571074
1079 -0.3221607763
1121 -0.3209304861
1172 -0.3207819402
1175 -0.3194978860
1214 -0.3193085289
1256 -0.3181185646
1280 -0.3177869905
1386 -0.3169851495
1403 -0.3159365462
1422 -0.3140655269
1493 -0.3132636859
1619 -0.3083674879
1631 -0.3071510015
1810 -0.3059585714
1897 -0.3041556189
2074 -0.3035837920
2114 -0.3035267292
2237 -0.3028731641
2394 -0.3018721237
25649 -0.3003568634
32589 -0.2997269163
32645 -0.2990308655
44856 -0.2989130580
45081 -0.2935538622
100000 -0.2935538622
evaluations raw_y
1 -0.5058985359
2 -0.5004952659
3 -0.4764728829
8 -0.4728322783
13 -0.4573407789
78 -0.4291159811
88 -0.4163656866
146 -0.4117937449
155 -0.4037377428
243 -0.4024706253
253 -0.3949806592
287 -0.3942104819
307 -0.3762792633
394 -0.3711208645
417 -0.3676649269
446 -0.3642591127
449 -0.3578518515
510 -0.3561696265
543 -0.3558400997
569 -0.3534089818
585 -0.3439985892
681 -0.3420038918
718 -0.3373119824
745 -0.3283479215
821 -0.3271073879
871 -0.3235290946
962 -0.3229982493
971 -0.3227667969
994 -0.3222359515
1013 -0.3170687578
1037 -0.3160596766
1077 -0.3153186592
1090 -0.3152973788
1091 -0.3145563614
1165 -0.3128310577
1211 -0.3120687599
1353 -0.3113727091
1459 -0.3104028309
1475 -0.3096618136
1679 -0.3086607732
1770 -0.3080072081
2471 -0.3076756341
7415 -0.3041513420
21686 -0.2995021103
30506 -0.2965538531
100000 -0.3003734105
evaluations raw_y
1 -0.4616699657
8 -0.4610489682
31 -0.4588238196
56 -0.4489710066
93 -0.4480460823
103 -0.4345282204
114 -0.4325571549
176 -0.4314427141
189 -0.4087085041
270 -0.4021764800
279 -0.4017468634
280 -0.3998512480
306 -0.3994554439
327 -0.3937643820
336 -0.3924206494
361 -0.3919636702
368 -0.3830769811
409 -0.3756858626
455 -0.3681723587
491 -0.3673083725
520 -0.3617229379
562 -0.3576104463
596 -0.3573019672
642 -0.3557621042
649 -0.3465867069
734 -0.3462111847
765 -0.3461095558
771 -0.3431612297
793 -0.3407213405
822 -0.3389170168
823 -0.3379159764
868 -0.3374637778
907 -0.3366856862
913 -0.3326643443
960 -0.3319899828
990 -0.3304708738
1064 -0.3304624887
1137 -0.3298542916
1162 -0.3298459064
1207 -0.3291503112
1228 -0.3291419261
1240 -0.3268704920
1249 -0.3261581266
1278 -0.3255415443
1322 -0.3227178374
1389 -0.3221012551
1397 -0.3214052043
1457 -0.3209905589
1665 -0.3203369939
1712 -0.3197297629
1743 -0.3190761978
2067 -0.3189581775
2103 -0.3189497924
2127 -0.3182623561
2145 -0.3172305383
2152 -0.3136301566
2379 -0.3134232470
2814 -0.3133661842
2960 -0.3111091530
3012 -0.3098418921
3401 -0.3092153387
3428 -0.3059572115
4521 -0.3046312136
7342 -0.3034460938
7418 -0.3027925287
15172 -0.3026747212
15407 -0.2973155254
16531 -0.2965625629
16577 -0.2958002651
100000 -0.3069460540
evaluations raw_y
1 -0.5364718762
2 -0.5321300976
3 -0.5257731120
5 -0.4934466852
9 -0.4910742038
12 -0.4583045252
50 -0.4525660317
51 -0.4493724807
56 -0.4353125694
131 -0.4288684891
166 -0.4245325538
169 -0.4048189253
242 -0.3941143106
266 -0.3933298232
302 -0.3924418486
343 -0.3911414480
368 -0.3884849767
370 -0.3859222509
390 -0.3840423826
413 -0.3837460960
437 -0.3793140197
489 -0.3752679025
524 -0.3738405161
577 -0.3736604368
586 -0.3703320984
608 -0.3678574004
610 -0.3562465630
685 -0.3502938972
687 -0.3496491013
708 -0.3489275755
749 -0.3478094978
759 -0.3477702621
794 -0.3442769458
841 -0.3439453718
863 -0.3402559753
902 -0.3399117601
922 -0.3394720308
954 -0.3394128587
994 -0.3373796770
1045 -0.3351002286
1049 -0.3313283654
1114 -0.3311610381
1192 -0.3300611045
1204 -0.3298937771
1280 -0.3296038388
1298 -0.3294929631
1310 -0.3280227579
1313 -0.3277328195
1360 -0.3272526995
1468 -0.3257787049
1582 -0.3242571665
1803 -0.3235161492
1825 -0.3219992366
1888 -0.3212582193
1924 -0.3190784065
1949 -0.3177573753
1956 -0.3169768543
2032 -0.3162358370
2122 -0.3161787742
2162 -0.3155252091
12809 -0.3139366077
12905 -0.3138102022
13041 -0.3133354210
13073 -0.3084905664
22576 -0.3075736305
23077 -0.3073667209
23329 -0.3053507955
23355 -0.3023178018
23375 -0.3016642368
26900 -0.2992519013
27026 -0.2989130580
27040 -0.2957589767
27075 -0.2935538622
100000 -0.2935538622
evaluations raw_y
1 -0.5354251780
2 -0.5272080816
3 -0.4515461830
26 -0.4504156801
72 -0.4208703385
171 -0.4165622446
185 -0.4039489684
237 -0.4039236010
253 -0.3959467515
280 -0.3933162839
309 -0.3928647726
319 -0.3841725403
347 -0.3818936294
349 -0.3688454886
401 -0.3677883882
427 -0.3627054429
443 -0.3611076919
470 -0.3566682675
519 -0.3534895135
529 -0.3496195259
611 -0.3495259119
617 -0.3487712214
650 -0.3454840481
659 -0.3451860765
704 -0.3441360726
719 -0.3432319619
794 -0.3415685468
799 -0.3387511938
825 -0.3378470832
907 -0.3376401737
934 -0.3353822438
963 -0.3310719621
1076 -0.3308650525
1160 -0.3307386470
1167 -0.3289414118
1219 -0.3264625280
1224 -0.3264414800
1238 -0.3262345704
1308 -0.3261081650
1344 -0.3227549212
1348 -0.3223498899
1366 -0.3186633311
1393 -0.3179223137
1499 -0.3179139286
1523 -0.3177959083
1648 -0.3177875231
1659 -0.3124762724
1686 -0.3124678873
2795 -0.3100555518
3105 -0.3081479448
3122 -0.3043575128
27649 -0.3030315149
39803 -0.3028621747
39858 -0.3022455925
52097 -0.3004069076
100000 -0.3004069076
evaluations raw_y
1 -0.5288832376
3 -0.5022729207
4 -0.4886157361
19 -0.4531450109
66 -0.4507666457
75 -0.4442273770
138 -0.4339959787
147 -0.4075212962
259 -0.4047527972
272 -0.3988239859
280 -0.3918248835
321 -0.3881884516
342 -0.3855097959
364 -0.3829692339
380 -0.3823469647
431 -0.3805755857
437 -0.3737768681
438 -0.3722870223
451 -0.3694635452
457 -0.3671661648
466 -0.3670440045
497 -0.3597423937
546 -0.3579668763
547 -0.3558632062
549 -0.3553075467
572 -0.3545970582
584 -0.3536591592
608 -0.3523983631
667 -0.3471924167
682 -0.3463766767
708 -0.3457184221
724 -0.3400007849
740 -0.3393047340
836 -0.3385707399
856 -0.3328531027
900 -0.3307940724
909 -0.3290890097
961 -0.3284879169
983 -0.3247238240
1054 -0.3237227836
1126 -0.3233912096
1176 -0.3224658941
1210 -0.3221051256
1211 -0.3194820945
1244 -0.3184810542
1338 -0.3146699256
1503 -0.3142552802
1554 -0.3130249901
1662 -0.3127009518
1860 -0.3125745463
1861 -0.3114401558
2036 -0.3106778580
2364 -0.3105514526
2610 -0.3105430674
2674 -0.3064537218
2695 -0.3052318167
2714 -0.3052234316
10441 -0.3051056241
10806 -0.2997464283
15997 -0.2982311680
20473 -0.2963924831
39130 -0.2950664852
100000 -0.2974268154
evaluations raw_y
1 -0.5303174582
2 -0.5065086468
3 -0.4631659360
32 -0.4422332243
74 -0.4410216968
76 -0.4397824806
89 -0.4390259021
100 -0.4347148429
136 -0.4164945382
199 -0.4128608519
253 -0.4125332576
261 -0.4074639571
265 -0.4023340264
303 -0.3984510245
340 -0.3870597922
369 -0.3780480518
453 -0.3707304586
462 -0.3662854873
536 -0.3641590871
548 -0.3617399902
557 -0.3596775298
579 -0.3545032054
648 -0.3496916739
719 -0.3461719307
765 -0.3451771539
777 -0.3422023774
785 -0.3362264965
808 -0.3332082516
826 -0.3318613108
899 -0.3315881004
904 -0.3302319812
932 -0.3277685430
999 -0.3259323038
1007 -0.3222527574
1033 -0.3188745221
1070 -0.3186676126
1078 -0.3177728472
1152 -0.3163049917
1173 -0.3158903463
1182 -0.3158248717
1199 -0.3156171359
1202 -0.3154102263
1284 -0.3097077421
1505 -0.3084546386
1604 -0.3074535982
1874 -0.3059383379
31757 -0.3045781403
40574 -0.3044603327
40786 -0.3039126684
40833 -0.2991011370
58720 -0.2975125356
58982 -0.2973861301
59043 -0.2920664943
100000 -0.3032122832
evaluations raw_y
1 -0.4943649499
2 -0.4829909627
9 -0.4637603482
38 -0.4511698930
60 -0.4422858850
81 -0.4378182086
102 -0.4211794713
162 -0.4159361485
180 -0.4036022458
204 -0.3955599671
211 -0.3953952329
232 -0.3854068895
233 -0.3801283495
285 -0.3717945927
305 -0.3625818588
346 -0.3595934913
390 -0.3551178011
418 -0.3506573724
463 -0.3475382923
469 -0.3404458993
517 -0.3395929332
544 -0.3392982608
572 -0.3363427123
591 -0.3338092687
615 -0.3321756726
642 -0.3321096587
711 -0.3290679126
775 -0.3271885082
822 -0.3247294635
825 -0.3217089781
859 -0.3206683235
877 -0.3199060257
887 -0.3189580018
949 -0.3131206495
969 -0.3124586993
976 -0.3124162136
1016 -0.3117710336
1055 -0.3117626485
1144 -0.3086331914
1155 -0.3080921026
1162 -0.3068618124
1257 -0.3056693823
1296 -0.3053378082
1446 -0.3047212260
1662 -0.3041513420
7169 -0.3033867908
7228 -0.2999822303
7246 -0.2995021103
19732 -0.2968854272
19797 -0.2965538531
100000 -0.3027755777
evaluations raw_y
1 -0.5230145257
2 -0.4924132013
3 -0.4693913554
6 -0.4638602096
41 -0.4568768802
53 -0.4556224739
86 -0.4551283917
89 -0.4305822047
124 -0.4224201566
164 -0.4189285378
178 -0.4070908551
210 -0.3936946435
255 -0.3928359609
267 -0.3855939894
294 -0.3810472624
302 -0.3613967284
388 -0.3601962616
402 -0.3500660357
425 -0.3489927142
503 -0.3473201594
514 -0.3397161566
549 -0.3379142993
585 -0.3357723177
623 -0.3354175155
639 -0.3350313003
657 -0.3347247232
664 -0.3329143157
685 -0.3320134590
746 -0.3316950455
760 -0.3315737298
762 -0.3312553163
814 -0.3259868163
908 -0.3233983324
960 -0.3223095106
991 -0.3210380022
1069 -0.3179919000
1260 -0.3179469335
1270 -0.3173753178
1330 -0.3164703616
1355 -0.3159004777
1369 -0.3158537794
1394 -0.3151127620
1521 -0.3145428781
1756 -0.3118887480
2119 -0.3106584579
12813 -0.3093324600
19751 -0.3092146524
20212 -0.3038554567
29680 -0.3009071996
33718 -0.2981757529
33772 -0.2973829075
43155 -0.2955442226
67633 -0.2920664943
100000 -0.3015864451
evaluations raw_y
1 -0.5061364612
2 -0.5042946655
3 -0.4995860713
4 -0.4847663406
14 -0.4766755953
18 -0.4575136779
29 -0.4508467434
34 -0.4357555869
69 -0.4341400855
71 -0.4120100492
149 -0.3982830188
203 -0.3848531014
224 -0.3815066367
249 -0.3784023271
257 -0.3638794356
285 -0.3626321950
348 -0.3597147111
376 -0.3515601736
413 -0.3493935160
439 -0.3467085112
465 -0.3448736367
486 -0.3430893129
519 -0.3416420012
542 -0.3380196740
624 -0.3374751912
636 -0.3367791404
640 -0.3354745220
681 -0.3347784711
689 -0.3328429916
702 -0.3240524232
800 -0.3206938967
831 -0.3182036787
842 -0.3181042632
881 -0.3161367334
888 -0.3159622816
891 -0.3115045338
903 -0.3101035696
946 -0.3093625522
1039 -0.3093541671
1103 -0.3087459700
1117 -0.3087375848
1315 -0.3061491010
1394 -0.3054530501
1418 -0.3034949709
1484 -0.3027989201
1536 -0.3023025408
1543 -0.3016064900
1620 -0.3012749159
2189 -0.3012178531
2195 -0.3010680064
2294 -0.2971833258
2680 -0.2971262630
22850 -0.2958002651
100000 -0.3060351516
