evaluations raw_y
1 1.2001920307
2 1.2071463061
3 1.2569130216
13 1.4100394811
19 1.5499070056
60 1.5693659761
78 1.5772870662
208 1.7972681524
249 2.0112630732
1931 2.1570319241
1983 2.2182786158
2127 2.2341376229
2139 2.2461814915
2372 2.2624434389
2560 2.4679170780
2708 2.5693730730
2859 2.6343519494
2867 2.6399155227
3074 2.6567481403
3193 2.6624068158
3306 2.7502750275
3378 2.8184892897
3454 2.9239766082
3540 3.0084235860
3761 3.1766200762
4228 3.2258064516
4762 3.2679738562
5361 3.6284470247
50442 3.7147102526
100000 3.7147102526
evaluations raw_y
1 0.9823182711
3 1.1978917106
12 1.2787723785
18 1.3290802764
26 1.3728720483
55 1.4277555682
58 1.5365703749
94 1.5933715743
116 1.5974440895
129 1.6458196182
386 1.6789791807
579 1.8559762435
735 1.8615040953
1091 1.9516003123
1765 1.9762845850
2561 2.3696682464
3286 2.3832221163
3447 2.4485798237
3962 2.5278058645
4016 2.6178010471
4349 2.7262813522
4664 2.8184892897
4826 2.9036004646
5213 2.9585798817
5475 3.0303030303
5550 3.1133250311
5804 3.2010243278
6899 3.3288948069
7071 3.3467202142
7198 3.4106412005
8232 3.4578146611
9782 3.6075036075
10981 3.8167938931
11795 4.0257648953
100000 3.1928480204
evaluations raw_y
1 1.3304949441
7 1.3912075682
31 1.4343086632
37 1.4925373134
38 1.5832805573
146 1.6202203500
231 1.6244314490
251 1.7135023989
296 1.7397355602
493 1.9011406844
1970 2.1872265967
2407 2.6343519494
3678 2.6399155227
3977 2.8184892897
4061 2.8506271380
4148 2.9585798817
4451 3.0156815440
4530 3.1289111389
4682 3.3557046980
5597 3.5765379113
7583 3.5868005739
8263 3.6710719530
8732 3.8167938931
10959 3.9123630673
11939 3.9246467818
12674 4.0650406504
100000 4.0650406504
evaluations raw_y
1 1.0233319689
7 1.1175681717
10 1.3698630137
34 1.4326647564
37 1.7111567420
514 1.7568517217
648 1.7692852088
877 1.8450184502
1494 2.0308692120
2630 2.2341376229
2658 2.2999080037
3095 2.3212627669
3315 2.4437927664
3595 2.4826216485
3616 2.4975024975
3726 2.5329280648
3973 2.6068821689
4147 2.6910656620
4380 2.7563395810
4608 2.9797377831
4745 3.2341526520
4881 3.3921302578
5574 3.4199726402
6242 3.4578146611
100000 2.5853154085
evaluations raw_y
1 1.0743446498
2 1.2607160867
5 1.4526438117
54 1.7568517217
57 1.8129079043
580 1.8925056775
1818 2.0920502092
1954 2.2956841139
2517 2.3169601483
2547 2.6968716289
2972 2.8441410694
3026 2.8571428571
3240 2.8636884307
3353 3.0525030525
4413 3.1685678074
5067 3.2938076416
5298 3.3200531208
5464 3.4106412005
5698 3.7037037037
11138 3.7481259370
12848 3.7593984962
13065 3.7707390649
13619 3.8284839204
14445 3.8880248834
14650 3.9001560062
15037 3.9370078740
16126 3.9745627981
55283 4.1050903120
100000 2.9515938607
evaluations raw_y
1 0.7407407407
2 1.2059816691
3 1.4148273911
7 1.6458196182
38 1.6589250166
48 1.6677785190
114 1.6926201760
200 1.7895490336
255 2.0016012810
1789 2.1349274125
2025 2.1910604733
2190 2.2914757104
2347 2.4630541872
3185 2.7685492802
3723 2.8248587571
4159 2.8571428571
4229 2.9797377831
4487 3.0902348578
5762 3.1289111389
5874 3.1766200762
6019 3.3738191633
6488 3.4674063800
6672 3.4770514604
24612 3.4965034965
25062 3.6818851252
26084 3.8880248834
26810 3.9001560062
28069 4.0000000000
28115 4.0650406504
29382 4.1876046901
100000 4.1876046901
evaluations raw_y
1 0.9174311927
2 0.9394964299
3 1.1956001913
6 1.2036591237
9 1.6244314490
43 1.7158544955
390 1.7182130584
406 1.7568517217
561 1.7743080199
901 1.9394879752
1688 2.1795989538
3218 2.2104332449
3297 2.2583559169
3303 2.3786869648
3662 2.4437927664
3927 2.6795284030
4259 2.7027027027
4281 2.7085590466
4497 2.7685492802
5022 3.2010243278
6098 3.2425421530
6520 3.3647375505
6590 3.3921302578
7074 3.5360678925
7930 3.6710719530
8660 3.6927621861
8797 3.7481259370
9298 3.7593984962
100000 3.5161744023
evaluations raw_y
1 1.5615240475
8 1.5733165513
11 1.6767270288
119 1.7182130584
1204 1.7667844523
1324 1.7972681524
1465 1.8368846436
1477 2.1276595745
2491 2.1385799829
2788 2.2956841139
3079 2.3832221163
3192 2.4485798237
3270 2.6288117771
3574 2.8441410694
4234 2.8835063437
4269 2.8901734104
4324 2.9515938607
4566 3.1210986267
4649 3.2010243278
4748 3.2175032175
5049 3.2341526520
5335 3.3288948069
5386 3.4578146611
5460 3.5161744023
6004 3.9494470774
6471 3.9619651347
6767 4.0128410915
7975 4.3029259897
8317 4.3478260870
8874 4.3936731107
9353 4.4091710758
9958 4.4404973357
100000 2.7085590466
evaluations raw_y
1 0.9221689414
2 1.1076650421
6 1.2709710219
7 1.2893243940
19 1.4196479273
45 1.4509576320
55 1.5346838551
200 1.6767270288
236 1.7041581459
292 2.0508613618
1917 2.1097046414
2045 2.3255813953
2172 2.3969319271
2726 2.4015369837
2827 2.6852846402
3453 2.8121484814
3596 2.8702640643
3890 2.9103608847
4146 3.0599755202
4653 3.1928480204
5277 3.2765399738
5438 3.3738191633
5674 3.4013605442
6032 3.4482758621
7250 3.5063113604
7436 3.7257824143
9184 3.8284839204
9291 3.8639876352
10933 3.9001560062
100000 2.8248587571
evaluations raw_y
1 0.9854158455
2 0.9900990099
4 1.1420740064
9 1.2531328321
13 1.3550135501
37 1.4212620807
40 1.5051173992
84 1.5197568389
87 1.7972681524
485 1.8155410312
512 1.8587360595
1101 1.9731649566
2188 1.9857029388
2708 2.0508613618
2772 2.2026431718
2779 2.3041474654
3103 2.3651844844
3118 2.5176233635
3377 2.5906735751
3931 2.6014568158
4155 2.7203482046
4179 2.7808676307
4259 2.8506271380
4870 3.0450669915
5498 3.1133250311
5559 3.1525851198
5605 3.1766200762
5844 3.2092426187
5930 3.3025099075
5949 3.3200531208
6367 3.4199726402
6498 3.4293552812
6655 3.4482758621
6799 3.4770514604
7205 3.7821482602
8115 3.8639876352
9712 3.9370078740
11734 3.9494470774
13865 3.9619651347
14099 4.0783034258
100000 4.0783034258
