evaluations raw_y
1 -0.4952435407
5 -0.4707138825
12 -0.4609431768
39 -0.4397516913
548 -0.4300392213
550 -0.4274517190
664 -0.4224313316
894 -0.4111237006
1025 -0.4064860608
1265 -0.4035456104
1509 -0.3997924378
1600 -0.3986997426
1650 -0.3909295831
1693 -0.3904247968
1925 -0.3876395478
1974 -0.3621212555
2201 -0.3535296509
2600 -0.3482925080
2642 -0.3463950653
2953 -0.3445721862
3017 -0.3397490533
3225 -0.3386299293
3315 -0.3375861801
3435 -0.3372530173
3437 -0.3365688134
3497 -0.3316709973
3635 -0.3295549859
3986 -0.3245531414
4162 -0.3235862812
4659 -0.3228057602
4799 -0.3184059313
4841 -0.3183564591
5029 -0.3176154417
5250 -0.3173878508
5332 -0.3168288606
5342 -0.3135501769
5705 -0.3132027016
5940 -0.3125491365
6297 -0.3098385562
6368 -0.3096730826
6502 -0.3081839508
6582 -0.3079318876
6730 -0.3069308472
7176 -0.3065992732
8256 -0.3053689830
8540 -0.3045781403
15573 -0.3044603327
16527 -0.2991011370
78533 -0.2975125356
79908 -0.2973861301
80408 -0.2958860517
80490 -0.2920664943
100000 -0.2920664943
evaluations raw_y
1 -0.4891167829
7 -0.4888022071
9 -0.4774913249
13 -0.4533377680
20 -0.4522698010
169 -0.4481665176
190 -0.4438484408
381 -0.4319222069
690 -0.4291838032
715 -0.4289597880
741 -0.4221338654
882 -0.4188669356
1069 -0.4104822276
1340 -0.3946352479
1628 -0.3935639570
1651 -0.3799883516
2079 -0.3733873477
2290 -0.3710854157
2494 -0.3540522381
2866 -0.3434194170
3191 -0.3362979107
3549 -0.3360815616
3686 -0.3328924526
3730 -0.3266498843
4055 -0.3246753298
4127 -0.3234463796
4261 -0.3228385424
4538 -0.3220744856
4559 -0.3206217857
4586 -0.3154420933
4950 -0.3144494381
5523 -0.3142201883
5637 -0.3132107628
5781 -0.3115660583
5827 -0.3113481286
6210 -0.3099242888
6369 -0.3094350160
6401 -0.3086939986
6594 -0.3086856135
6616 -0.3081241147
6925 -0.3081157295
6976 -0.3073460231
7305 -0.3073376380
7995 -0.3065357259
8153 -0.3062969833
8168 -0.3061045695
8226 -0.3054166652
8337 -0.3054082801
8561 -0.3053512173
8796 -0.3027511594
8884 -0.3024044178
8909 -0.3006585282
8926 -0.3000886442
8936 -0.3000315814
18556 -0.2965538531
100000 -0.2968854272
evaluations raw_y
1 -0.4773377611
5 -0.4536476265
43 -0.4521569573
75 -0.4214108415
616 -0.4130901494
752 -0.4082097892
764 -0.4046405663
1003 -0.3993169298
1196 -0.3990843196
1205 -0.3987904467
1296 -0.3906938830
1546 -0.3858145142
1649 -0.3851907617
1735 -0.3810886061
1946 -0.3740407209
2005 -0.3704281599
2029 -0.3689211845
2163 -0.3608846257
2416 -0.3605694443
2474 -0.3550767623
2629 -0.3534340130
2689 -0.3511116921
2694 -0.3362990829
3186 -0.3211055447
3739 -0.3164284369
4064 -0.3140373216
4230 -0.3116763359
4352 -0.3064836647
4854 -0.3057722678
4899 -0.3053638682
5016 -0.3041233346
5052 -0.3034161691
5302 -0.3015559233
5347 -0.3011199181
5555 -0.3008902464
5593 -0.2995234100
5719 -0.2984508186
6569 -0.2984424335
7758 -0.2978258512
7807 -0.2976405925
7860 -0.2970240102
12624 -0.2963951205
60882 -0.2950691225
72695 -0.2935538622
100000 -0.3041339236
evaluations raw_y
1 -0.5274929372
2 -0.5090773305
4 -0.4536307675
85 -0.4511609283
133 -0.4445614100
281 -0.4387705049
422 -0.4300371130
624 -0.4231609790
865 -0.4203709251
992 -0.4077870826
1155 -0.3957143018
1240 -0.3832716937
1463 -0.3807332939
1464 -0.3797401335
1932 -0.3787456819
2022 -0.3785303327
2055 -0.3714918068
2176 -0.3707161197
2222 -0.3689028047
2255 -0.3572936084
2531 -0.3562696675
2918 -0.3558806642
2920 -0.3498776759
2977 -0.3493083789
3064 -0.3474336286
3122 -0.3469867950
3168 -0.3429929410
3360 -0.3417435074
3440 -0.3403990604
3574 -0.3388041149
3590 -0.3378080149
3648 -0.3367196500
3760 -0.3273351785
4689 -0.3273267933
4712 -0.3269304036
4856 -0.3262156049
5127 -0.3252967430
5428 -0.3235067345
5578 -0.3224206038
5614 -0.3215218876
5946 -0.3211072423
6022 -0.3211000933
6126 -0.3173483679
6569 -0.3170065388
6790 -0.3165918934
7530 -0.3131141651
7971 -0.3086002775
8268 -0.3082687034
8568 -0.3082603183
9082 -0.3082032555
9918 -0.3074251639
11019 -0.3072987585
11339 -0.3019791226
12602 -0.2995109855
12736 -0.2990308655
24230 -0.2989130580
25142 -0.2954248815
25312 -0.2935538622
100000 -0.2935538622
evaluations raw_y
1 -0.5321134544
2 -0.5270740959
3 -0.5032970023
4 -0.4661104272
20 -0.4520073148
75 -0.4516552544
88 -0.4509525303
91 -0.4451767390
236 -0.4198328899
381 -0.4091785918
801 -0.4057320763
894 -0.3988773842
1410 -0.3950276789
1421 -0.3919379771
1619 -0.3852346320
1692 -0.3825439969
2064 -0.3764066308
2199 -0.3737057061
2254 -0.3676838201
2376 -0.3665477407
2386 -0.3662574492
2503 -0.3599336272
2524 -0.3589086897
2643 -0.3549332848
2744 -0.3514150587
2840 -0.3513777028
2964 -0.3480166317
3054 -0.3357941013
3435 -0.3318134634
3438 -0.3267951330
3653 -0.3266158227
3877 -0.3263193065
3929 -0.3253196514
4101 -0.3250632802
4114 -0.3242073954
4128 -0.3166939688
4486 -0.3157242478
4585 -0.3155278540
4611 -0.3152352306
4685 -0.3138870041
4767 -0.3127735596
4837 -0.3102306041
5044 -0.3081580531
5345 -0.3046539832
5992 -0.3036529428
6481 -0.3029568920
6814 -0.3026718837
7001 -0.3023403097
7177 -0.3022990916
7242 -0.3015148221
7261 -0.3010688014
8433 -0.3008187713
8504 -0.3005886814
8588 -0.3002433138
8747 -0.2995472630
9015 -0.2990671430
9566 -0.2990587579
14279 -0.2989409503
15609 -0.2935817546
64317 -0.2920664943
100000 -0.2983545465
evaluations raw_y
1 -0.5025883554
3 -0.4771889033
4 -0.4634116072
48 -0.4492585716
148 -0.4359638417
480 -0.4337374420
608 -0.4313489494
664 -0.4074515738
1068 -0.4019817208
1389 -0.3999072516
1393 -0.3907812157
1581 -0.3900568501
1770 -0.3879352291
1775 -0.3842969802
1777 -0.3826995886
1913 -0.3790652286
1973 -0.3701196569
2240 -0.3595432532
2574 -0.3591624633
2682 -0.3552572798
2757 -0.3520203032
2846 -0.3495267006
2909 -0.3448049489
3064 -0.3430915284
3152 -0.3281590317
3669 -0.3239032245
3866 -0.3208350551
4062 -0.3196209574
4131 -0.3165978219
4299 -0.3130715773
4597 -0.3118333994
4835 -0.3107226832
4848 -0.3090001421
4855 -0.3063371939
5443 -0.3050763979
5786 -0.3050193351
5958 -0.3046634747
6255 -0.3040753576
6330 -0.3040182947
6391 -0.3037115256
6750 -0.3036628480
6808 -0.3030663457
6849 -0.3030579606
6856 -0.3030092829
7032 -0.3030008978
8111 -0.3017706076
9081 -0.3016442021
9497 -0.2963816291
9694 -0.2963245663
31439 -0.2934963250
31620 -0.2928002742
100000 -0.3116321069
evaluations raw_y
1 -0.4825301505
17 -0.4484311917
114 -0.4459148285
170 -0.4284354212
265 -0.4264257909
732 -0.4252606334
755 -0.4235209238
1017 -0.4230374696
1041 -0.4133643850
1278 -0.4008141243
1501 -0.4004165182
1507 -0.3999811240
1562 -0.3879315493
1779 -0.3854565389
1935 -0.3718234768
2005 -0.3715959742
2400 -0.3712210399
2515 -0.3565215524
2909 -0.3529582521
3319 -0.3514792764
3419 -0.3508619406
3470 -0.3491817976
3519 -0.3470707325
3615 -0.3461245121
3852 -0.3431335088
3943 -0.3406278990
4230 -0.3388436035
4301 -0.3330561715
4393 -0.3299702881
4936 -0.3286909857
5346 -0.3285091647
5540 -0.3276290507
5590 -0.3270591667
5601 -0.3268880333
5694 -0.3268272097
5796 -0.3258784201
6128 -0.3236649206
6540 -0.3190237446
7199 -0.3183328325
7326 -0.3180538664
7420 -0.3168511868
7514 -0.3160520531
8041 -0.3150510127
8081 -0.3150426276
9199 -0.3148031343
9312 -0.3142407865
9333 -0.3138020939
9931 -0.3136756885
10087 -0.3127053917
10291 -0.3125873713
10603 -0.3125789862
10646 -0.3093654781
10778 -0.3091164663
10820 -0.3077394704
11078 -0.3072593504
12399 -0.3064575094
12968 -0.3051421261
13125 -0.3042617421
13173 -0.3037816221
13199 -0.3034682862
13212 -0.3029797811
30604 -0.3000315240
51664 -0.2992456016
55145 -0.2974069167
100000 -0.3023384152
evaluations raw_y
1 -0.5235187783
2 -0.5207870155
4 -0.4874419544
6 -0.4807960176
20 -0.4770371274
51 -0.4635752885
64 -0.4573977616
88 -0.4522181240
141 -0.4445814698
237 -0.4411118203
346 -0.4363090663
377 -0.4284170751
496 -0.4244306566
734 -0.4243637325
771 -0.4241658130
794 -0.4240489739
807 -0.3884025553
1445 -0.3839001790
1550 -0.3727979624
1908 -0.3581067030
2318 -0.3575157354
2322 -0.3555490032
2443 -0.3533860732
2535 -0.3435018849
2749 -0.3326912484
2973 -0.3291744137
3375 -0.3233427782
3530 -0.3181617814
3538 -0.3161804837
3795 -0.3110846609
4165 -0.3098666978
4204 -0.3079135709
4447 -0.3065052562
4610 -0.3044575998
4972 -0.3026546474
5488 -0.3026492380
5679 -0.3012996786
5709 -0.3008832684
5984 -0.3001502912
6127 -0.3000258561
6130 -0.2998822280
6234 -0.2994967261
6326 -0.2994092738
6547 -0.2991492508
6567 -0.2984082335
6810 -0.2977546684
7713 -0.2972158033
7981 -0.2965622383
8300 -0.2965538531
100000 -0.3212626790
evaluations raw_y
1 -0.5414739907
2 -0.4815789586
7 -0.4814733153
13 -0.4811938595
28 -0.4769914243
55 -0.4717152335
61 -0.4698470843
88 -0.4430869099
357 -0.4415675846
448 -0.4348842167
569 -0.4270753852
636 -0.4148056251
740 -0.3889380512
1557 -0.3854354424
1758 -0.3800004632
1854 -0.3742963021
2077 -0.3695808032
2201 -0.3592939561
2429 -0.3514131351
2448 -0.3452628207
3054 -0.3431972114
3115 -0.3399706243
3225 -0.3372847806
3396 -0.3328219570
3417 -0.3295952140
3618 -0.3292964022
3688 -0.3220185914
4070 -0.3197071052
4473 -0.3186475997
4543 -0.3172734735
4688 -0.3167551460
4854 -0.3148539813
5075 -0.3132073154
5127 -0.3068095292
5725 -0.3061559642
6275 -0.3034889228
6804 -0.3028353577
7227 -0.3028269726
7296 -0.3024207124
7812 -0.3024123272
7834 -0.3018263459
7988 -0.3014117005
8014 -0.3005129844
8350 -0.3001814103
8590 -0.3001730252
10564 -0.3001159624
27987 -0.2982772775
100000 -0.3105225535
evaluations raw_y
1 -0.5102092931
2 -0.4685297031
7 -0.4674812301
39 -0.4549613256
208 -0.4436877352
406 -0.4051574943
992 -0.3983006360
1158 -0.3952810039
1228 -0.3835355310
1341 -0.3792129097
1603 -0.3745936633
1614 -0.3717600995
1971 -0.3622826429
2064 -0.3618180514
2229 -0.3524496643
2341 -0.3508107400
2592 -0.3456748650
2710 -0.3452000563
2961 -0.3425651110
3010 -0.3417631675
3069 -0.3387201249
3304 -0.3370471204
3334 -0.3343980970
3578 -0.3332619053
3665 -0.3286174053
3841 -0.3279234257
3963 -0.3276829479
4061 -0.3271091713
4243 -0.3204580278
4815 -0.3192655976
4919 -0.3189451392
5120 -0.3177410107
5130 -0.3173916249
5236 -0.3165485805
5299 -0.3153182904
5624 -0.3148381703
5765 -0.3125861823
5888 -0.3102343943
6165 -0.3090041042
6212 -0.3054450825
6462 -0.3036449084
6897 -0.3031647884
7261 -0.3021948617
7308 -0.3021709139
7403 -0.3014144073
7573 -0.3009645716
7731 -0.3003946876
7793 -0.2999145676
7929 -0.2996355648
8006 -0.2989206930
8286 -0.2984405730
8327 -0.2979223764
8344 -0.2958784978
9432 -0.2946379642
9897 -0.2940213820
27715 -0.2933924922
34890 -0.2920664943
100000 -0.3025894928
