evaluations raw_y
1 45.0000000000
2 48.0000000000
3 52.0000000000
7 55.0000000000
8 57.0000000000
16 59.0000000000
24 60.0000000000
30 62.0000000000
34 63.0000000000
43 65.0000000000
52 67.0000000000
56 69.0000000000
72 70.0000000000
74 71.0000000000
96 72.0000000000
120 73.0000000000
136 74.0000000000
159 75.0000000000
182 76.0000000000
185 77.0000000000
190 78.0000000000
192 79.0000000000
213 81.0000000000
233 82.0000000000
253 83.0000000000
274 84.0000000000
278 85.0000000000
300 86.0000000000
339 87.0000000000
354 89.0000000000
403 91.0000000000
440 92.0000000000
486 93.0000000000
532 94.0000000000
612 95.0000000000
645 96.0000000000
651 97.0000000000
659 98.0000000000
708 99.0000000000
747 100.0000000000
100000 99.0000000000
evaluations raw_y
1 49.0000000000
2 52.0000000000
4 57.0000000000
7 58.0000000000
9 62.0000000000
18 63.0000000000
30 64.0000000000
35 66.0000000000
43 67.0000000000
47 68.0000000000
59 69.0000000000
64 70.0000000000
77 71.0000000000
82 72.0000000000
96 73.0000000000
112 74.0000000000
118 75.0000000000
125 76.0000000000
136 77.0000000000
148 78.0000000000
150 79.0000000000
173 80.0000000000
179 81.0000000000
198 83.0000000000
212 84.0000000000
255 86.0000000000
276 87.0000000000
296 88.0000000000
310 90.0000000000
343 91.0000000000
347 92.0000000000
367 93.0000000000
384 94.0000000000
389 95.0000000000
414 96.0000000000
468 97.0000000000
571 98.0000000000
606 99.0000000000
1010 100.0000000000
100000 99.0000000000
evaluations raw_y
1 48.0000000000
2 56.0000000000
10 57.0000000000
11 58.0000000000
14 60.0000000000
15 61.0000000000
16 64.0000000000
26 65.0000000000
28 68.0000000000
43 70.0000000000
51 71.0000000000
75 72.0000000000
81 73.0000000000
82 76.0000000000
94 78.0000000000
107 79.0000000000
113 80.0000000000
118 81.0000000000
129 82.0000000000
161 83.0000000000
165 84.0000000000
183 85.0000000000
194 86.0000000000
196 87.0000000000
213 88.0000000000
243 89.0000000000
278 90.0000000000
316 91.0000000000
349 92.0000000000
351 93.0000000000
380 94.0000000000
409 95.0000000000
485 96.0000000000
503 97.0000000000
665 98.0000000000
749 99.0000000000
1029 100.0000000000
100000 98.0000000000
evaluations raw_y
1 50.0000000000
4 53.0000000000
6 56.0000000000
9 59.0000000000
14 60.0000000000
18 66.0000000000
21 68.0000000000
39 69.0000000000
42 70.0000000000
47 71.0000000000
57 72.0000000000
64 75.0000000000
72 76.0000000000
78 77.0000000000
86 78.0000000000
96 79.0000000000
122 80.0000000000
124 81.0000000000
128 82.0000000000
150 83.0000000000
158 84.0000000000
183 85.0000000000
192 86.0000000000
193 87.0000000000
240 88.0000000000
251 90.0000000000
259 91.0000000000
268 92.0000000000
310 93.0000000000
315 94.0000000000
378 95.0000000000
400 96.0000000000
496 97.0000000000
511 98.0000000000
525 99.0000000000
540 100.0000000000
100000 100.0000000000
evaluations raw_y
1 56.0000000000
5 63.0000000000
18 67.0000000000
35 69.0000000000
47 70.0000000000
51 71.0000000000
72 72.0000000000
75 73.0000000000
92 74.0000000000
112 75.0000000000
128 76.0000000000
135 77.0000000000
168 79.0000000000
178 80.0000000000
184 81.0000000000
191 82.0000000000
202 84.0000000000
236 85.0000000000
282 88.0000000000
316 90.0000000000
335 91.0000000000
340 92.0000000000
352 94.0000000000
434 95.0000000000
452 96.0000000000
515 97.0000000000
524 98.0000000000
623 99.0000000000
676 100.0000000000
100000 99.0000000000
evaluations raw_y
1 53.0000000000
2 54.0000000000
6 58.0000000000
19 61.0000000000
21 62.0000000000
24 65.0000000000
31 68.0000000000
52 70.0000000000
57 71.0000000000
65 73.0000000000
90 74.0000000000
107 75.0000000000
124 76.0000000000
128 77.0000000000
138 79.0000000000
155 80.0000000000
183 81.0000000000
184 82.0000000000
201 83.0000000000
217 85.0000000000
237 86.0000000000
239 87.0000000000
244 88.0000000000
295 89.0000000000
303 90.0000000000
343 91.0000000000
387 92.0000000000
433 93.0000000000
468 94.0000000000
503 95.0000000000
520 96.0000000000
560 97.0000000000
608 98.0000000000
627 99.0000000000
708 100.0000000000
100000 99.0000000000
evaluations raw_y
1 53.0000000000
7 58.0000000000
10 61.0000000000
17 62.0000000000
18 64.0000000000
32 65.0000000000
34 69.0000000000
58 71.0000000000
60 72.0000000000
67 73.0000000000
85 74.0000000000
86 76.0000000000
102 77.0000000000
137 78.0000000000
146 79.0000000000
155 80.0000000000
156 81.0000000000
170 82.0000000000
182 83.0000000000
207 84.0000000000
216 85.0000000000
235 87.0000000000
347 88.0000000000
380 89.0000000000
388 90.0000000000
439 91.0000000000
454 92.0000000000
477 93.0000000000
519 94.0000000000
522 95.0000000000
595 98.0000000000
636 99.0000000000
987 100.0000000000
100000 99.0000000000
evaluations raw_y
1 49.0000000000
2 57.0000000000
7 60.0000000000
13 61.0000000000
14 63.0000000000
21 65.0000000000
23 68.0000000000
27 69.0000000000
29 71.0000000000
61 73.0000000000
78 75.0000000000
95 76.0000000000
115 78.0000000000
123 80.0000000000
133 81.0000000000
135 82.0000000000
151 83.0000000000
193 84.0000000000
200 86.0000000000
219 87.0000000000
247 88.0000000000
286 89.0000000000
311 90.0000000000
321 91.0000000000
323 92.0000000000
391 93.0000000000
397 94.0000000000
400 95.0000000000
417 96.0000000000
535 97.0000000000
584 98.0000000000
628 99.0000000000
639 100.0000000000
100000 97.0000000000
evaluations raw_y
1 58.0000000000
2 63.0000000000
7 69.0000000000
9 70.0000000000
23 72.0000000000
26 74.0000000000
56 75.0000000000
61 76.0000000000
76 77.0000000000
80 78.0000000000
95 79.0000000000
104 80.0000000000
115 82.0000000000
134 83.0000000000
142 84.0000000000
148 85.0000000000
163 86.0000000000
205 87.0000000000
226 88.0000000000
238 89.0000000000
240 90.0000000000
267 91.0000000000
293 92.0000000000
309 93.0000000000
321 94.0000000000
337 95.0000000000
398 96.0000000000
419 97.0000000000
473 98.0000000000
496 99.0000000000
512 100.0000000000
100000 99.0000000000
evaluations raw_y
1 46.0000000000
4 50.0000000000
5 54.0000000000
10 56.0000000000
15 60.0000000000
23 64.0000000000
35 65.0000000000
49 66.0000000000
51 68.0000000000
62 69.0000000000
78 71.0000000000
85 72.0000000000
90 73.0000000000
100 74.0000000000
115 75.0000000000
130 76.0000000000
135 77.0000000000
141 78.0000000000
152 79.0000000000
158 80.0000000000
169 81.0000000000
190 82.0000000000
212 83.0000000000
226 84.0000000000
242 85.0000000000
251 88.0000000000
264 89.0000000000
278 91.0000000000
303 92.0000000000
336 93.0000000000
349 94.0000000000
402 95.0000000000
407 96.0000000000
470 97.0000000000
479 98.0000000000
602 99.0000000000
660 100.0000000000
100000 100.0000000000
