evaluations raw_y
1 -0.5380030763
2 -0.5355769730
3 -0.5091462442
4 -0.5068660097
8 -0.5055911129
9 -0.5055195290
10 -0.4850838179
17 -0.4774408558
19 -0.4690087967
27 -0.4599161613
34 -0.4557689139
35 -0.4467700866
42 -0.4363773802
52 -0.4347413784
53 -0.4313400406
57 -0.4305107584
66 -0.4291428117
67 -0.4261191739
72 -0.4212210582
74 -0.4199369203
77 -0.4118389479
90 -0.4061843612
103 -0.4013728297
114 -0.3956703455
130 -0.3933625951
131 -0.3876739126
167 -0.3874246056
171 -0.3869537783
176 -0.3831907513
190 -0.3824706170
194 -0.3823313638
199 -0.3799155437
208 -0.3768285499
218 -0.3760875325
225 -0.3750239282
233 -0.3713999810
235 -0.3700118152
237 -0.3662903516
253 -0.3581909204
270 -0.3574499031
291 -0.3562574729
299 -0.3552484611
312 -0.3549353008
325 -0.3463002012
357 -0.3430635380
364 -0.3409410055
386 -0.3386332550
409 -0.3378049434
428 -0.3355998290
440 -0.3314624588
506 -0.3285033589
520 -0.3267053261
546 -0.3259034851
560 -0.3183825114
585 -0.3179023914
624 -0.3161310124
695 -0.3153529208
710 -0.3137669250
713 -0.3129888335
762 -0.3120901173
773 -0.3117585433
783 -0.3053817048
805 -0.3053733196
993 -0.3046323023
1027 -0.3041242329
1050 -0.3023528539
1055 -0.3017362716
1547 -0.3016098661
1649 -0.2966218043
1655 -0.2962902303
25520 -0.2956613405
64073 -0.2941460802
68328 -0.2928200823
100000 -0.2928200823
evaluations raw_y
1 -0.5518434479
2 -0.5160763566
3 -0.4942588464
5 -0.4874473999
9 -0.4768540324
15 -0.4720752326
17 -0.4688355758
24 -0.4508882416
34 -0.4341889763
40 -0.4290872633
43 -0.4282522150
54 -0.4227904427
56 -0.4199502190
63 -0.4113948965
76 -0.4078785358
82 -0.4051188074
85 -0.3965233956
90 -0.3952380479
91 -0.3942228166
100 -0.3921490442
102 -0.3892850443
104 -0.3847425578
106 -0.3793719115
113 -0.3765108311
125 -0.3763867944
126 -0.3747914151
131 -0.3746646784
132 -0.3670665433
137 -0.3630855953
157 -0.3623445779
169 -0.3601515020
173 -0.3544103124
189 -0.3543532496
241 -0.3538731296
267 -0.3518607565
270 -0.3515127995
296 -0.3432634194
320 -0.3384518879
344 -0.3376737963
374 -0.3339097034
417 -0.3335856651
438 -0.3332432270
452 -0.3329191887
474 -0.3292336839
480 -0.3285672075
574 -0.3262594571
580 -0.3171879114
598 -0.3159695027
653 -0.3158430973
686 -0.3128837916
703 -0.3116629515
708 -0.3114029285
713 -0.3106535260
716 -0.3093026213
739 -0.3083015809
849 -0.3082931958
855 -0.3072925691
923 -0.3038761413
967 -0.3026458511
1179 -0.3005331002
1181 -0.3005247151
86721 -0.3004069076
100000 -0.3004069076
evaluations raw_y
1 -0.5029541067
2 -0.4859899439
6 -0.4754167452
12 -0.4685085417
15 -0.4456599560
25 -0.4370794886
29 -0.4284385825
41 -0.4224568200
42 -0.4216851578
46 -0.4177716701
52 -0.4177502473
58 -0.4104418690
66 -0.4076633743
79 -0.4076569093
87 -0.4073253353
88 -0.4061329052
90 -0.4031903652
93 -0.4009735726
98 -0.4009052067
119 -0.3963765952
120 -0.3922384493
126 -0.3914101377
131 -0.3901493417
138 -0.3871686787
148 -0.3794509784
164 -0.3773284458
172 -0.3752032306
181 -0.3749370907
185 -0.3746055167
188 -0.3730806981
190 -0.3724829842
225 -0.3721768574
233 -0.3644976652
250 -0.3632571316
283 -0.3602094667
326 -0.3546624318
329 -0.3539214144
343 -0.3512808885
364 -0.3481950464
383 -0.3463709063
386 -0.3441282834
395 -0.3433501918
397 -0.3415260516
398 -0.3384176694
400 -0.3358525118
424 -0.3319678312
439 -0.3257636725
461 -0.3250013748
465 -0.3230402822
473 -0.3230318971
477 -0.3204501534
608 -0.3196720618
648 -0.3171687649
663 -0.3166489862
665 -0.3159079688
766 -0.3151456711
890 -0.3124601527
897 -0.3122214101
1204 -0.3114591123
1363 -0.3064367300
1475 -0.3057831650
9181 -0.3028349078
34017 -0.3012463064
34362 -0.3011199009
34454 -0.2958002651
100000 -0.2975716441
evaluations raw_y
1 -0.4902092789
12 -0.4680813359
16 -0.4662068457
21 -0.4558574019
24 -0.4527303033
26 -0.4384343699
30 -0.4204697011
47 -0.4164437474
56 -0.4143050394
63 -0.4088022071
65 -0.4066993303
73 -0.3991401759
81 -0.3924294746
93 -0.3902075941
106 -0.3879625196
107 -0.3875670682
115 -0.3801944271
125 -0.3769362999
138 -0.3707321412
143 -0.3661878087
158 -0.3649472751
170 -0.3643306928
190 -0.3636201813
201 -0.3635896755
203 -0.3613124309
239 -0.3591996800
263 -0.3558649710
267 -0.3543881485
269 -0.3520745390
287 -0.3467656630
306 -0.3449627106
314 -0.3440437437
332 -0.3437019146
345 -0.3427008743
368 -0.3395799447
377 -0.3392381156
379 -0.3376450986
385 -0.3324956210
447 -0.3322887114
458 -0.3276840895
460 -0.3234095171
567 -0.3185979856
660 -0.3182739473
701 -0.3143892668
798 -0.3131968367
1089 -0.3124345389
1133 -0.3109192786
6642 -0.3093306772
6790 -0.3058529489
7071 -0.3057265434
7295 -0.3004069076
100000 -0.3004069076
evaluations raw_y
1 -0.5024239469
2 -0.4952528982
5 -0.4740355210
9 -0.4666788519
15 -0.4460221662
32 -0.4408622162
35 -0.4383692535
39 -0.4324509853
52 -0.4311794770
56 -0.4260733420
60 -0.4248328083
64 -0.4232515766
67 -0.4205110768
76 -0.4186034197
78 -0.4151121348
84 -0.4122903695
91 -0.4117204855
100 -0.4110244347
119 -0.4088226159
121 -0.4036474173
137 -0.3997196952
151 -0.3991307440
156 -0.3973593650
185 -0.3951575463
194 -0.3833653914
202 -0.3826191249
210 -0.3785538600
211 -0.3783591107
215 -0.3694823144
226 -0.3683758356
239 -0.3671353020
255 -0.3670519721
257 -0.3613883524
271 -0.3592463708
310 -0.3579748625
324 -0.3576687357
329 -0.3570521534
350 -0.3544900782
361 -0.3528519820
374 -0.3505940520
385 -0.3489435165
391 -0.3466980582
393 -0.3412643243
410 -0.3402605904
431 -0.3379811420
439 -0.3374112581
535 -0.3370796840
578 -0.3322348294
602 -0.3311903739
613 -0.3254923348
703 -0.3197367543
714 -0.3190407034
757 -0.3179307405
765 -0.3152766105
796 -0.3117970559
889 -0.3112587710
911 -0.3095478755
1015 -0.3085468351
1140 -0.3083098954
1149 -0.3027968188
1160 -0.3023821734
30374 -0.3005434885
54653 -0.3004256809
54689 -0.2956830675
54697 -0.2950664852
100000 -0.2950664852
evaluations raw_y
1 -0.5439573124
2 -0.4994479030
3 -0.4396126119
26 -0.4334345961
36 -0.4188205031
44 -0.4137579758
60 -0.4116949429
72 -0.4094370130
75 -0.4092198224
83 -0.4049231254
100 -0.4005465073
107 -0.3958515798
110 -0.3958431946
118 -0.3896474210
139 -0.3893375212
143 -0.3831333624
166 -0.3796930733
179 -0.3739754360
204 -0.3739670509
206 -0.3736693092
210 -0.3649797765
213 -0.3626340462
226 -0.3602325658
227 -0.3564937000
231 -0.3560172040
239 -0.3542142516
262 -0.3493693969
279 -0.3487351523
291 -0.3472611578
329 -0.3423071692
356 -0.3388798845
357 -0.3385090717
368 -0.3369875334
378 -0.3335602487
412 -0.3287033119
472 -0.3286949267
492 -0.3236837029
591 -0.3218101625
597 -0.3214785884
606 -0.3208250234
643 -0.3173454688
696 -0.3172884060
729 -0.3160959759
789 -0.3157541468
829 -0.3144826385
971 -0.3099893897
987 -0.3077842752
1611 -0.3068673394
2459 -0.3066604298
2472 -0.3009579456
13651 -0.2996319477
17034 -0.2977932628
17144 -0.2966232850
17158 -0.2943155345
21279 -0.2928002742
100000 -0.3015550087
evaluations raw_y
1 -0.5193284347
2 -0.5060490962
3 -0.4674323380
11 -0.4520296312
19 -0.4512693570
27 -0.4323710129
40 -0.4288231137
44 -0.4216591971
49 -0.4209163338
52 -0.4162218782
55 -0.4086428928
63 -0.4053935499
68 -0.4008526489
70 -0.3986075565
80 -0.3851291130
107 -0.3806152254
128 -0.3765499605
136 -0.3745263105
144 -0.3728814601
147 -0.3638433438
153 -0.3617013622
171 -0.3555367005
193 -0.3547348594
211 -0.3537342327
213 -0.3498190632
223 -0.3488186978
228 -0.3488103126
245 -0.3472887743
257 -0.3454177550
277 -0.3447217042
307 -0.3415387756
310 -0.3369293606
321 -0.3307252019
380 -0.3304452860
419 -0.3248999567
422 -0.3242390140
429 -0.3219312636
542 -0.3198682306
547 -0.3198493084
553 -0.3181286548
558 -0.3160656218
615 -0.3137052917
646 -0.3119023392
661 -0.3111242477
715 -0.3105076654
756 -0.3051880296
763 -0.3044470122
1024 -0.2989016829
1077 -0.2979006425
1351 -0.2968916307
1864 -0.2956613405
3434 -0.2941460802
15146 -0.2928200823
100000 -0.3140315538
evaluations raw_y
1 -0.5034715128
5 -0.4979801194
11 -0.4923268216
15 -0.4764439622
25 -0.4602753113
32 -0.4556428508
34 -0.4493998393
38 -0.4480845086
39 -0.4441008924
52 -0.4375105799
53 -0.4371865417
61 -0.4306310696
73 -0.4285142902
76 -0.4274356540
82 -0.4200586366
93 -0.4128381902
105 -0.4079933355
112 -0.4072310378
140 -0.4009429855
154 -0.3982767021
157 -0.3931322359
159 -0.3918714399
163 -0.3913964165
167 -0.3895722763
188 -0.3841872458
202 -0.3704358366
211 -0.3703877331
215 -0.3650766409
226 -0.3631042242
337 -0.3596246697
344 -0.3551107821
357 -0.3547792081
380 -0.3547689646
384 -0.3459699760
403 -0.3447294423
447 -0.3439513507
448 -0.3422217994
466 -0.3422060056
467 -0.3360176407
471 -0.3309045569
485 -0.3308474941
489 -0.3287055125
554 -0.3233463168
565 -0.3215201306
581 -0.3207578329
642 -0.3201412506
686 -0.3160881696
710 -0.3134340395
740 -0.3072298808
981 -0.3067618884
985 -0.3065778597
992 -0.3065694746
1003 -0.3059995906
3800 -0.3041609057
15311 -0.3025723043
15415 -0.3024458989
15862 -0.3008566039
15874 -0.2976063830
16513 -0.2971262630
88969 -0.2958002651
100000 -0.2958002651
evaluations raw_y
1 -0.5146988785
3 -0.4944712414
6 -0.4771409357
7 -0.4742547903
17 -0.4449180223
20 -0.4413206366
35 -0.4249922329
40 -0.4114130923
54 -0.4104247026
63 -0.4083732140
65 -0.4000182349
75 -0.3945390132
82 -0.3911963531
94 -0.3836584514
111 -0.3832187222
116 -0.3832103370
135 -0.3751877905
160 -0.3733636503
177 -0.3725034989
188 -0.3707321199
199 -0.3695396898
217 -0.3670949245
223 -0.3601952197
264 -0.3597805743
265 -0.3596654769
275 -0.3569627216
284 -0.3564834525
297 -0.3551914120
301 -0.3551789983
322 -0.3528163774
338 -0.3515555814
340 -0.3471903957
445 -0.3417996133
457 -0.3411830310
489 -0.3390603500
494 -0.3372357238
502 -0.3364103825
505 -0.3344859811
595 -0.3314267636
601 -0.3268824311
650 -0.3230919991
677 -0.3225622564
716 -0.3186370506
721 -0.3154544410
751 -0.3136830620
866 -0.3124527719
1463 -0.3114517315
1581 -0.3110370861
7376 -0.3105523395
7415 -0.3095543012
7418 -0.3074499354
7543 -0.3074415503
38225 -0.3058529489
38501 -0.3057265434
38614 -0.3004069076
100000 -0.3004069076
evaluations raw_y
1 -0.4845765257
11 -0.4809696616
14 -0.4683823892
26 -0.4639017044
30 -0.4614095934
34 -0.4553726908
39 -0.4534042300
44 -0.4509941819
49 -0.4509372567
50 -0.4503814515
51 -0.4483095807
55 -0.4460396660
57 -0.4358547909
63 -0.4354596046
83 -0.4354109956
88 -0.4342297152
90 -0.4315607718
94 -0.4314245543
96 -0.4306794321
97 -0.4272126528
98 -0.4271851867
102 -0.4265495480
105 -0.4197368235
127 -0.4182628289
139 -0.4170826935
148 -0.4128366019
151 -0.4074996262
155 -0.4031719327
162 -0.4008093118
168 -0.3987759829
179 -0.3964133620
203 -0.3918936061
245 -0.3889098066
263 -0.3887064702
267 -0.3874820453
272 -0.3834289642
293 -0.3804451647
301 -0.3662474800
311 -0.3650550498
313 -0.3649802190
345 -0.3612936602
362 -0.3590342007
393 -0.3472420459
447 -0.3467619258
456 -0.3455694957
475 -0.3453477096
478 -0.3447411841
524 -0.3424832542
547 -0.3412224582
554 -0.3405559818
563 -0.3375078945
566 -0.3346859302
572 -0.3338576186
591 -0.3335914787
606 -0.3325824669
644 -0.3322584286
719 -0.3289330712
795 -0.3254535166
838 -0.3246754251
942 -0.3232014305
977 -0.3178817947
1033 -0.3166515045
1362 -0.3158892067
2523 -0.3140505218
2895 -0.3119902529
4279 -0.3110657198
4284 -0.3088077899
4305 -0.3084659608
6005 -0.3055177037
7989 -0.3053998962
9241 -0.3038846359
55559 -0.3004069076
100000 -0.3004069076
